0 0.729789 0.606250 0.039179 0.090278
0 0.691853 0.621528 0.036692 0.084722
0 0.656716 0.632639 0.036070 0.093056
0 0.620025 0.641667 0.036070 0.083333
0 0.584266 0.654167 0.035448 0.088889
0 0.548197 0.663889 0.036692 0.083333
0 0.510572 0.672222 0.037313 0.091667
0 0.472326 0.684722 0.036692 0.094444
0 0.432525 0.700000 0.040423 0.086111
0 0.391480 0.713194 0.040423 0.090278
0 0.349502 0.729861 0.046020 0.093056
0 0.308147 0.743056 0.044154 0.094444
0 0.265236 0.758333 0.046642 0.102778
0 0.483520 0.558333 0.040423 0.061111
0 0.519900 0.549306 0.038557 0.059722
0 0.554104 0.534722 0.038557 0.055556
