0 0.721704 0.608333 0.035448 0.077778
0 0.685634 0.618056 0.036692 0.086111
0 0.649876 0.631944 0.036070 0.080556
0 0.613806 0.641667 0.034826 0.086111
0 0.577736 0.653472 0.037313 0.090278
0 0.539801 0.662500 0.038557 0.088889
0 0.501555 0.673611 0.037935 0.091667
0 0.462687 0.686806 0.036070 0.090278
0 0.422575 0.697222 0.039179 0.091667
0 0.381841 0.717361 0.039801 0.087500
0 0.339863 0.731944 0.042910 0.086111
0 0.296953 0.743056 0.044154 0.100000
0 0.252177 0.761806 0.049129 0.101389
0 0.508085 0.536111 0.046020 0.063889
