0 0.370117 0.475521 0.071484 0.073958
0 0.436523 0.476823 0.064453 0.073438
0 0.500391 0.477083 0.064844 0.077083
0 0.566992 0.476562 0.065234 0.076042
0 0.632227 0.472396 0.074609 0.069792
0 0.135352 0.640104 0.103516 0.098958
0 0.218750 0.640625 0.096094 0.095833
0 0.297852 0.640104 0.086328 0.094792
0 0.379492 0.641146 0.085547 0.096875
0 0.457813 0.638281 0.077344 0.091146
0 0.537891 0.644531 0.075000 0.096354
0 0.694531 0.655469 0.080469 0.092188
0 0.775000 0.648698 0.080469 0.094271
0 0.847461 0.647656 0.085547 0.092188
