0 0.303483 0.765972 0.049751 0.093056
0 0.346082 0.741667 0.041667 0.091667
0 0.388993 0.727778 0.041667 0.086111
0 0.430970 0.718750 0.041045 0.095833
0 0.470771 0.706250 0.041045 0.093056
0 0.510261 0.698611 0.040423 0.091667
0 0.550062 0.688889 0.039179 0.091667
0 0.587687 0.677083 0.037313 0.084722
0 0.625622 0.665972 0.034826 0.079167
0 0.659826 0.651389 0.033582 0.091667
0 0.697450 0.639583 0.034204 0.084722
0 0.733520 0.630556 0.036692 0.086111
0 0.770833 0.620833 0.036692 0.080556
0 0.548197 0.561806 0.042910 0.070833
0 0.586443 0.547917 0.039801 0.065278
