0 0.730721 0.592361 0.037313 0.090278
0 0.694963 0.597917 0.036692 0.087500
0 0.659515 0.602778 0.036692 0.086111
0 0.623756 0.610417 0.034826 0.090278
0 0.588619 0.620139 0.037935 0.084722
0 0.550684 0.631944 0.037935 0.091667
0 0.514614 0.640278 0.035448 0.091667
0 0.477612 0.654861 0.037313 0.095833
0 0.439366 0.661111 0.039179 0.102778
0 0.398632 0.675694 0.041045 0.098611
0 0.468284 0.539583 0.043532 0.059722
0 0.502177 0.532639 0.036692 0.065278
0 0.536692 0.523611 0.034826 0.061111
0 0.568408 0.515278 0.034826 0.058333
0 0.601990 0.504861 0.034826 0.054167
0 0.637749 0.498611 0.041667 0.058333
