0 0.247201 0.746528 0.050373 0.090278
0 0.291045 0.728472 0.049751 0.093056
0 0.333955 0.713889 0.046020 0.083333
0 0.374689 0.698611 0.039179 0.094444
0 0.414801 0.684722 0.042289 0.088889
0 0.454913 0.668056 0.036692 0.080556
0 0.493159 0.654167 0.037313 0.083333
0 0.529540 0.647222 0.034204 0.086111
0 0.567786 0.641667 0.039801 0.086111
0 0.605721 0.630556 0.036070 0.083333
0 0.502488 0.526389 0.046020 0.063889
0 0.640547 0.619444 0.037313 0.088889
0 0.676617 0.608333 0.036070 0.083333
0 0.711443 0.600694 0.041045 0.081944
