0 0.263993 0.723611 0.045398 0.100000
0 0.308147 0.706944 0.044154 0.094444
0 0.349502 0.698611 0.043532 0.091667
0 0.390236 0.685417 0.040423 0.093056
0 0.430659 0.671528 0.039179 0.093056
0 0.468595 0.663194 0.035448 0.090278
0 0.507463 0.652083 0.038557 0.087500
0 0.544465 0.640278 0.036692 0.088889
0 0.580224 0.630556 0.036070 0.088889
0 0.617848 0.618750 0.037935 0.084722
0 0.654851 0.609028 0.031095 0.090278
0 0.689366 0.596528 0.035448 0.081944
0 0.724502 0.591667 0.036070 0.083333
0 0.520522 0.523611 0.046020 0.066667
