0 0.064648 0.536458 0.069141 0.082292
0 0.124023 0.542969 0.069141 0.073438
0 0.179297 0.541667 0.054688 0.080208
0 0.235156 0.548958 0.063281 0.079167
0 0.291602 0.546354 0.055859 0.076042
0 0.350195 0.546354 0.061328 0.076042
0 0.401562 0.547396 0.056250 0.080208
0 0.457422 0.551562 0.057031 0.078125
0 0.514258 0.553125 0.053516 0.075000
0 0.570703 0.549479 0.056250 0.076042
0 0.625000 0.547917 0.061719 0.077083
0 0.681445 0.553125 0.064453 0.079167
0 0.738867 0.555469 0.065234 0.081771
0 0.794727 0.557813 0.067578 0.077083
0 0.851562 0.553125 0.064062 0.077083
0 0.906836 0.557552 0.061328 0.083854
0 0.707031 0.714063 0.076563 0.105208
0 0.644922 0.716667 0.075781 0.108333
0 0.576367 0.711198 0.069141 0.097396
0 0.514258 0.725260 0.062109 0.106771
0 0.447461 0.727083 0.066797 0.103125
