0 0.102723 0.734352 0.076733 0.088792
0 0.160479 0.724163 0.066832 0.091703
0 0.221535 0.710335 0.070132 0.090247
0 0.278878 0.697962 0.061056 0.085881
0 0.337046 0.691412 0.061881 0.090247
0 0.393977 0.675400 0.058581 0.087336
0 0.450083 0.666667 0.056931 0.087336
0 0.503300 0.658661 0.056106 0.082969
0 0.558581 0.652111 0.051155 0.078603
0 0.610561 0.639738 0.051155 0.080058
0 0.663366 0.632460 0.051155 0.085881
0 0.715759 0.620815 0.051980 0.085881
0 0.770215 0.614265 0.055281 0.090247
0 0.375413 0.527656 0.047855 0.068413
0 0.422855 0.521834 0.048680 0.071325
0 0.469884 0.513100 0.048680 0.065502
0 0.516089 0.505822 0.048680 0.068413
0 0.564356 0.495633 0.054455 0.065502
