0 0.357898 0.591667 0.039179 0.072222
0 0.393968 0.582639 0.039179 0.070833
0 0.428483 0.572917 0.036070 0.073611
0 0.465174 0.556250 0.037313 0.062500
0 0.498445 0.549306 0.035448 0.062500
0 0.533271 0.539583 0.036692 0.059722
0 0.566231 0.529167 0.032960 0.058333
0 0.599502 0.518750 0.033582 0.056944
0 0.631841 0.508333 0.032338 0.052778
0 0.665423 0.496528 0.036070 0.051389
0 0.476057 0.672222 0.036692 0.097222
0 0.512749 0.661111 0.039179 0.086111
0 0.550684 0.651389 0.037935 0.083333
0 0.588619 0.640972 0.037935 0.081944
0 0.624689 0.634028 0.036692 0.081944
0 0.661070 0.622222 0.036070 0.086111
0 0.695896 0.613194 0.036070 0.079167
