0 0.217351 0.655556 0.052861 0.091667
0 0.263993 0.647917 0.042910 0.093056
0 0.308458 0.639583 0.046020 0.081944
0 0.350124 0.630556 0.043532 0.086111
0 0.391791 0.620139 0.042289 0.081944
0 0.432214 0.611111 0.042289 0.080556
0 0.473570 0.604861 0.039179 0.081944
0 0.511816 0.597917 0.038557 0.081944
0 0.550684 0.590972 0.039179 0.081944
0 0.589863 0.581250 0.039179 0.081944
0 0.628109 0.575000 0.042289 0.080556
0 0.665734 0.568750 0.042910 0.081944
0 0.703358 0.563889 0.039801 0.083333
0 0.486629 0.474306 0.036692 0.065278
0 0.522388 0.468056 0.038557 0.061111
