0 0.322450 0.668750 0.050373 0.090278
0 0.366915 0.661806 0.043532 0.081944
0 0.411070 0.655556 0.043532 0.088889
0 0.451803 0.644444 0.040423 0.086111
0 0.493781 0.636111 0.039801 0.080556
0 0.535137 0.634722 0.037935 0.086111
0 0.573694 0.624306 0.040423 0.084722
0 0.615361 0.615278 0.041667 0.080556
0 0.654229 0.611806 0.038557 0.084722
0 0.692786 0.603472 0.041045 0.084722
0 0.396144 0.532639 0.036070 0.068056
0 0.432836 0.522917 0.037313 0.068056
0 0.470149 0.517361 0.038557 0.065278
0 0.505597 0.512500 0.036070 0.066667
0 0.541667 0.506250 0.037313 0.062500
0 0.576493 0.502083 0.034826 0.065278
0 0.614117 0.497917 0.040423 0.068056
