0 0.495336 0.501389 0.037935 0.063889
0 0.531095 0.494444 0.036070 0.058333
0 0.565920 0.488194 0.038557 0.059722
0 0.233831 0.672222 0.052239 0.088889
0 0.281716 0.662500 0.049751 0.088889
0 0.328669 0.651389 0.046642 0.094444
0 0.370647 0.640278 0.042289 0.088889
0 0.413246 0.631250 0.040423 0.087500
0 0.453358 0.621528 0.041045 0.084722
0 0.492848 0.614583 0.039179 0.081944
0 0.532338 0.608333 0.041045 0.086111
0 0.572761 0.600694 0.039801 0.084722
0 0.610075 0.593750 0.038557 0.087500
0 0.648943 0.586111 0.040423 0.086111
0 0.685634 0.579861 0.039179 0.087500
0 0.724813 0.571528 0.036692 0.081944
