0 0.385261 0.531250 0.037935 0.073611
0 0.421953 0.521528 0.035448 0.070833
0 0.457400 0.513889 0.039179 0.066667
0 0.494403 0.509722 0.037313 0.072222
0 0.529229 0.502083 0.038557 0.068056
0 0.561567 0.494444 0.039801 0.063889
0 0.597326 0.488889 0.037935 0.066667
0 0.630597 0.477083 0.037313 0.059722
0 0.664179 0.470833 0.036070 0.063889
0 0.702736 0.465278 0.041045 0.061111
0 0.455846 0.634722 0.039801 0.083333
0 0.496580 0.627778 0.040423 0.086111
0 0.536070 0.617361 0.039801 0.081944
0 0.574627 0.609028 0.038557 0.084722
0 0.613184 0.605556 0.039801 0.083333
0 0.650808 0.591667 0.037935 0.083333
0 0.692164 0.589583 0.041045 0.084722
