0 0.527674 0.502778 0.034204 0.069444
0 0.564366 0.491667 0.039179 0.063889
0 0.255597 0.683333 0.054726 0.086111
0 0.303483 0.676389 0.049751 0.086111
0 0.346393 0.663889 0.046020 0.088889
0 0.390858 0.652778 0.044154 0.086111
0 0.434080 0.648611 0.043532 0.086111
0 0.475435 0.633333 0.041667 0.088889
0 0.517102 0.630556 0.041667 0.086111
0 0.556592 0.615972 0.038557 0.079167
0 0.595460 0.609722 0.039179 0.088889
0 0.635572 0.604167 0.039801 0.088889
0 0.675062 0.599306 0.037935 0.081944
0 0.710510 0.592361 0.035448 0.084722
0 0.748756 0.587500 0.039801 0.080556
