0 0.336754 0.638889 0.049129 0.088889
0 0.379975 0.631250 0.042289 0.087500
0 0.421953 0.622917 0.042910 0.084722
0 0.462687 0.619444 0.039801 0.088889
0 0.502177 0.604167 0.039179 0.086111
0 0.541978 0.598611 0.039179 0.083333
0 0.579913 0.593750 0.039179 0.084722
0 0.619092 0.588194 0.040423 0.081944
0 0.657960 0.581944 0.037313 0.077778
0 0.696206 0.577778 0.037935 0.080556
0 0.437500 0.502083 0.035448 0.065278
0 0.473259 0.495833 0.038557 0.061111
0 0.508085 0.490278 0.036070 0.061111
0 0.542289 0.485417 0.037313 0.059722
0 0.575871 0.481250 0.036070 0.065278
0 0.611940 0.474306 0.039801 0.059722
