0 0.224813 0.664583 0.055348 0.087500
0 0.267413 0.653472 0.044776 0.084722
0 0.311878 0.643056 0.052861 0.083333
0 0.356654 0.636806 0.042910 0.087500
0 0.397388 0.622222 0.042289 0.088889
0 0.439055 0.613194 0.041045 0.084722
0 0.480100 0.606250 0.039801 0.084722
0 0.519279 0.600000 0.038557 0.077778
0 0.558147 0.593750 0.040423 0.081944
0 0.598259 0.586111 0.039801 0.083333
0 0.634328 0.579861 0.036070 0.081944
0 0.672264 0.575000 0.041045 0.080556
0 0.709577 0.568056 0.037313 0.080556
0 0.431281 0.483333 0.035448 0.066667
0 0.466107 0.476389 0.035448 0.061111
0 0.500000 0.470139 0.036070 0.062500
0 0.537002 0.465278 0.040423 0.061111
