0 0.533271 0.461806 0.039179 0.062500
0 0.277052 0.632639 0.055348 0.087500
0 0.321206 0.625694 0.046642 0.087500
0 0.363184 0.616667 0.044776 0.083333
0 0.404229 0.606250 0.042289 0.081944
0 0.444963 0.599306 0.041667 0.081944
0 0.485075 0.590972 0.038557 0.084722
0 0.523321 0.586111 0.041667 0.083333
0 0.561256 0.579167 0.039179 0.083333
0 0.601057 0.571528 0.037935 0.076389
0 0.638682 0.568056 0.038557 0.083333
0 0.673507 0.562500 0.037313 0.080556
0 0.711132 0.553472 0.037935 0.081944
0 0.748756 0.547222 0.038557 0.077778
