0 0.216667 0.846405 0.078431 0.071895
0 0.293995 0.848203 0.072794 0.072876
0 0.363725 0.843627 0.067157 0.070915
0 0.428186 0.842974 0.067647 0.069608
0 0.520343 0.833333 0.062745 0.071895
0 0.583701 0.822876 0.063480 0.073203
0 0.645466 0.811275 0.056618 0.071569
0 0.709436 0.805392 0.062010 0.070915
0 0.773162 0.795588 0.066912 0.070915
0 0.832721 0.791176 0.066912 0.070588
0 0.319853 0.652614 0.055392 0.060784
0 0.373652 0.646895 0.050735 0.061111
0 0.425245 0.640359 0.053922 0.063072
0 0.477206 0.635294 0.051471 0.062092
0 0.530147 0.630065 0.051471 0.060131
0 0.583701 0.626797 0.055637 0.060131
