0 0.513371 0.487500 0.041667 0.061111
0 0.243781 0.678472 0.054726 0.090278
0 0.288557 0.661806 0.050995 0.087500
0 0.333644 0.652083 0.047886 0.084722
0 0.377799 0.642361 0.041667 0.084722
0 0.417289 0.632639 0.041045 0.087500
0 0.458644 0.622222 0.040423 0.083333
0 0.499067 0.617361 0.040423 0.081944
0 0.539179 0.609722 0.038557 0.083333
0 0.577425 0.600694 0.039179 0.081944
0 0.614428 0.592361 0.039801 0.081944
0 0.653296 0.582639 0.035448 0.084722
0 0.692475 0.577083 0.039179 0.079167
0 0.730721 0.574306 0.038557 0.081944
