0 0.312811 0.650000 0.047264 0.088889
0 0.356654 0.640972 0.045398 0.084722
0 0.401430 0.634028 0.044154 0.079167
0 0.441542 0.632639 0.041045 0.081944
0 0.482276 0.622222 0.039179 0.083333
0 0.522388 0.616667 0.041045 0.083333
0 0.515547 0.495139 0.037313 0.065278
0 0.550684 0.489583 0.035448 0.059722
0 0.586443 0.482639 0.037313 0.062500
0 0.562500 0.609028 0.036692 0.081944
0 0.600435 0.604861 0.039179 0.079167
0 0.641169 0.595139 0.037313 0.084722
0 0.678172 0.590278 0.040423 0.080556
0 0.717351 0.590278 0.039179 0.080556
0 0.755597 0.582639 0.039801 0.081944
