0 0.416045 0.626389 0.042289 0.083333
0 0.457090 0.621528 0.041045 0.081944
0 0.497823 0.616667 0.040423 0.086111
0 0.537313 0.611806 0.038557 0.084722
0 0.576803 0.609028 0.039179 0.087500
0 0.616915 0.602778 0.041045 0.083333
0 0.655784 0.595833 0.041667 0.086111
0 0.692475 0.590278 0.041667 0.086111
0 0.732587 0.584722 0.037313 0.086111
0 0.455535 0.502083 0.035448 0.065278
0 0.491294 0.495139 0.036070 0.059722
0 0.527674 0.492361 0.037935 0.062500
0 0.562189 0.489583 0.037313 0.062500
0 0.597326 0.480556 0.035448 0.063889
0 0.632463 0.474306 0.041045 0.062500
