0 0.319652 0.633333 0.047264 0.083333
0 0.362873 0.625694 0.042910 0.081944
0 0.404540 0.620139 0.041667 0.081944
0 0.445274 0.609028 0.041045 0.079167
0 0.485697 0.601389 0.038557 0.077778
0 0.523010 0.595139 0.036070 0.079167
0 0.564055 0.583333 0.041045 0.080556
0 0.600435 0.581250 0.036692 0.079167
0 0.636505 0.575000 0.040423 0.080556
0 0.675995 0.567361 0.042289 0.079167
0 0.458644 0.481944 0.039179 0.066667
0 0.492537 0.478472 0.037313 0.062500
0 0.526741 0.470833 0.037313 0.066667
0 0.560945 0.465972 0.038557 0.062500
