0 0.377177 0.770833 0.046642 0.088889
0 0.419776 0.759028 0.041045 0.087500
0 0.461754 0.740972 0.042910 0.093056
0 0.504042 0.726389 0.039179 0.091667
0 0.546331 0.720139 0.040423 0.090278
0 0.586132 0.713889 0.040423 0.083333
0 0.627177 0.701389 0.040423 0.083333
0 0.667289 0.690278 0.039801 0.075000
0 0.705224 0.679861 0.036070 0.087500
0 0.743470 0.663194 0.037935 0.081944
0 0.501555 0.597222 0.040423 0.075000
0 0.537624 0.590972 0.039179 0.070833
0 0.575871 0.582639 0.037313 0.070833
0 0.611318 0.572917 0.036070 0.070833
0 0.651119 0.563889 0.042289 0.066667
