0 0.254042 0.806944 0.055348 0.094444
0 0.304726 0.787500 0.050995 0.088889
0 0.349813 0.769444 0.049129 0.083333
0 0.393657 0.757639 0.044776 0.087500
0 0.435634 0.742361 0.044154 0.090278
0 0.478545 0.728472 0.041667 0.087500
0 0.519279 0.718750 0.038557 0.090278
0 0.560012 0.705556 0.040423 0.086111
0 0.601368 0.695833 0.038557 0.086111
0 0.638993 0.680556 0.039179 0.086111
0 0.678483 0.668750 0.038557 0.084722
0 0.716418 0.659722 0.036070 0.083333
0 0.755597 0.650000 0.039801 0.083333
0 0.465174 0.591667 0.043532 0.072222
0 0.500000 0.583333 0.037313 0.077778
0 0.536692 0.572917 0.039801 0.079167
0 0.576182 0.559722 0.044154 0.072222
