0 0.425684 0.585417 0.039179 0.073611
0 0.462998 0.579167 0.039179 0.072222
0 0.499378 0.568056 0.037313 0.066667
0 0.535137 0.558333 0.037935 0.069444
0 0.570896 0.552083 0.033582 0.070833
0 0.609142 0.540278 0.044154 0.069444
0 0.332400 0.754861 0.049129 0.087500
0 0.377488 0.741667 0.042289 0.086111
0 0.419776 0.730556 0.043532 0.077778
0 0.462065 0.717361 0.041045 0.084722
0 0.502177 0.706250 0.039179 0.079167
0 0.542289 0.695139 0.041045 0.081944
0 0.583022 0.686111 0.037935 0.080556
0 0.622201 0.677083 0.037935 0.084722
0 0.661381 0.662500 0.036692 0.080556
0 0.702114 0.652083 0.041045 0.084722
