0 0.660156 0.795833 0.050000 0.070833
0 0.717969 0.793750 0.046875 0.062500
0 0.766797 0.794792 0.050781 0.058333
0 0.240234 0.931771 0.055469 0.057292
0 0.295312 0.931771 0.057813 0.055208
0 0.349219 0.934375 0.051562 0.058333
0 0.402344 0.934375 0.053125 0.058333
0 0.456250 0.932292 0.053125 0.062500
0 0.507812 0.931771 0.050000 0.061458
0 0.558984 0.932292 0.050781 0.062500
0 0.611328 0.932292 0.049219 0.062500
0 0.660156 0.933854 0.050000 0.063542
0 0.712109 0.939063 0.049219 0.057292
0 0.761719 0.939063 0.050000 0.059375
0 0.813281 0.939063 0.048438 0.059375
0 0.863281 0.941667 0.051562 0.056250
