0 0.255597 0.803472 0.050995 0.098611
0 0.302550 0.787500 0.047886 0.094444
0 0.349192 0.770833 0.045398 0.088889
0 0.393346 0.760417 0.044154 0.087500
0 0.435945 0.744444 0.042289 0.083333
0 0.477301 0.727083 0.039179 0.087500
0 0.516791 0.713194 0.041045 0.090278
0 0.558458 0.702083 0.043532 0.081944
0 0.598570 0.690972 0.040423 0.079167
0 0.638682 0.684028 0.038557 0.084722
0 0.677239 0.670833 0.041045 0.083333
0 0.716418 0.663889 0.037313 0.083333
0 0.753420 0.652778 0.036692 0.080556
0 0.503731 0.575000 0.038557 0.069444
0 0.544465 0.563889 0.045398 0.066667
