0 0.338308 0.844444 0.049751 0.094444
0 0.383085 0.829167 0.046020 0.097222
0 0.429104 0.813194 0.047264 0.090278
0 0.472326 0.801389 0.044154 0.094444
0 0.514303 0.788889 0.043532 0.091667
0 0.555659 0.777083 0.040423 0.093056
0 0.596082 0.767361 0.040423 0.090278
0 0.637438 0.756250 0.041045 0.087500
0 0.676306 0.747222 0.039179 0.086111
0 0.717040 0.739583 0.041045 0.084722
0 0.757774 0.726389 0.037935 0.083333
0 0.795087 0.716667 0.040423 0.077778
0 0.832711 0.711806 0.043532 0.079167
0 0.569963 0.610417 0.047886 0.073611
