0 0.599219 0.718750 0.050000 0.056250
0 0.645312 0.701042 0.043750 0.047917
0 0.234766 0.880729 0.055469 0.057292
0 0.284375 0.881250 0.056250 0.054167
0 0.332813 0.880208 0.051562 0.056250
0 0.381250 0.877604 0.051562 0.053125
0 0.430078 0.877083 0.046094 0.054167
0 0.477344 0.877083 0.051562 0.058333
0 0.523438 0.879167 0.043750 0.056250
0 0.570312 0.877604 0.043750 0.051042
0 0.616406 0.879167 0.043750 0.052083
0 0.664062 0.880729 0.048438 0.055208
0 0.711328 0.882812 0.046094 0.059375
0 0.754297 0.882292 0.047656 0.056250
0 0.803125 0.881771 0.048438 0.055208
