0 0.317475 0.813889 0.046642 0.094444
0 0.362562 0.799306 0.047264 0.090278
0 0.406405 0.786111 0.045398 0.091667
0 0.448694 0.772917 0.042910 0.095833
0 0.490672 0.761806 0.042289 0.090278
0 0.532027 0.751389 0.040423 0.086111
0 0.572139 0.740278 0.039801 0.083333
0 0.612873 0.731250 0.040423 0.084722
0 0.651741 0.721528 0.038557 0.084722
0 0.689988 0.711111 0.039179 0.080556
0 0.729167 0.701389 0.039179 0.080556
0 0.766480 0.693750 0.039179 0.081944
0 0.802550 0.684722 0.042910 0.088889
0 0.574627 0.588194 0.049751 0.065278
