0 0.423197 0.782639 0.044154 0.090278
0 0.466418 0.771528 0.041045 0.090278
0 0.507463 0.761111 0.041045 0.086111
0 0.548507 0.746528 0.039801 0.084722
0 0.588308 0.736806 0.037313 0.084722
0 0.629042 0.730556 0.042910 0.088889
0 0.668843 0.719444 0.040423 0.086111
0 0.708644 0.709028 0.041667 0.084722
0 0.744092 0.702083 0.039179 0.081944
0 0.782338 0.689583 0.038557 0.081944
0 0.529229 0.627083 0.039801 0.079167
0 0.566853 0.615278 0.044154 0.072222
0 0.602923 0.606944 0.042910 0.075000
0 0.638371 0.599306 0.039179 0.070833
0 0.677239 0.591667 0.044776 0.069444
