0 0.420464 0.615257 0.045568 0.076285
0 0.464374 0.609453 0.045568 0.074627
0 0.507871 0.605307 0.044739 0.072968
0 0.550539 0.601161 0.048882 0.067993
0 0.256421 0.793532 0.062138 0.097844
0 0.311930 0.788557 0.055510 0.094527
0 0.365783 0.781924 0.055510 0.094527
0 0.419635 0.776119 0.052196 0.092869
0 0.468517 0.766998 0.048882 0.091211
0 0.519056 0.762852 0.050539 0.089552
0 0.569594 0.757048 0.050539 0.091211
0 0.618061 0.751244 0.049710 0.089552
0 0.667357 0.747098 0.050539 0.094527
0 0.713753 0.742952 0.052196 0.089552
