0 0.493781 0.622917 0.042289 0.070833
0 0.530784 0.618750 0.037935 0.070833
0 0.565920 0.608333 0.037313 0.069444
0 0.601368 0.599306 0.034826 0.070833
0 0.638682 0.591667 0.038557 0.072222
0 0.673507 0.581944 0.036070 0.069444
0 0.712687 0.576389 0.044776 0.072222
0 0.517413 0.754861 0.038557 0.095833
0 0.558147 0.747917 0.039179 0.095833
0 0.598570 0.735417 0.037935 0.084722
0 0.638682 0.727778 0.038557 0.086111
0 0.677861 0.720833 0.039801 0.083333
0 0.717351 0.710417 0.041667 0.081944
0 0.753109 0.704167 0.043532 0.083333
