0 0.141406 0.871354 0.078125 0.071875
0 0.203906 0.870313 0.071875 0.078125
0 0.264062 0.868750 0.070312 0.077083
0 0.324609 0.867708 0.064844 0.077083
0 0.385156 0.865625 0.064062 0.077083
0 0.445703 0.864583 0.060156 0.075000
0 0.505469 0.864583 0.060937 0.072917
0 0.563281 0.860938 0.059375 0.080208
0 0.620313 0.859896 0.060937 0.076042
0 0.675781 0.859375 0.060937 0.070833
0 0.731250 0.856771 0.059375 0.076042
0 0.787891 0.849479 0.061719 0.071875
0 0.842187 0.846875 0.057813 0.075000
0 0.828125 0.680729 0.082812 0.067708
