0 0.261505 0.804167 0.052861 0.086111
0 0.305970 0.797222 0.047264 0.083333
0 0.353234 0.778472 0.047264 0.084722
0 0.395522 0.765278 0.042289 0.083333
0 0.438122 0.754861 0.041667 0.087500
0 0.480100 0.740972 0.042289 0.093056
0 0.519279 0.734722 0.038557 0.091667
0 0.559701 0.724306 0.041045 0.084722
0 0.600435 0.714583 0.040423 0.084722
0 0.639925 0.704167 0.038557 0.086111
0 0.678172 0.692361 0.039179 0.087500
0 0.716107 0.687500 0.040423 0.088889
0 0.755286 0.677083 0.041667 0.087500
0 0.501244 0.607639 0.043532 0.076389
0 0.537624 0.597917 0.037935 0.076389
0 0.576182 0.587500 0.041667 0.063889
