0 0.412935 0.742361 0.041045 0.090278
0 0.453358 0.731944 0.039801 0.091667
0 0.494092 0.720833 0.041667 0.088889
0 0.533582 0.712500 0.039801 0.083333
0 0.574316 0.702778 0.040423 0.083333
0 0.612251 0.696528 0.039179 0.084722
0 0.650187 0.685417 0.040423 0.084722
0 0.689677 0.677083 0.039801 0.084722
0 0.727612 0.666667 0.037313 0.083333
0 0.765547 0.659028 0.038557 0.084722
0 0.491294 0.586111 0.042289 0.072222
0 0.526430 0.577778 0.037935 0.072222
0 0.561567 0.572222 0.039801 0.072222
0 0.596082 0.561111 0.036692 0.063889
0 0.630908 0.556250 0.037935 0.073611
0 0.670398 0.545139 0.042289 0.059722
