0 0.318719 0.790972 0.050373 0.084722
0 0.364739 0.781250 0.047886 0.081944
0 0.408582 0.770833 0.044776 0.083333
0 0.450871 0.754861 0.044776 0.087500
0 0.490983 0.744444 0.041667 0.088889
0 0.532027 0.734028 0.041667 0.087500
0 0.571828 0.724306 0.039179 0.087500
0 0.611940 0.715972 0.037313 0.087500
0 0.650498 0.702778 0.037313 0.086111
0 0.688122 0.692361 0.039179 0.081944
0 0.728234 0.684028 0.039801 0.081944
0 0.764303 0.675694 0.038557 0.081944
0 0.804104 0.672222 0.038557 0.083333
0 0.545709 0.582639 0.040423 0.068056
0 0.586132 0.570833 0.041667 0.061111
