0 0.318408 0.818056 0.049751 0.086111
0 0.362873 0.801389 0.050373 0.083333
0 0.406716 0.789583 0.046020 0.087500
0 0.450871 0.777083 0.042289 0.093056
0 0.492848 0.765278 0.041667 0.094444
0 0.534515 0.756250 0.040423 0.090278
0 0.574627 0.745833 0.039801 0.086111
0 0.614739 0.738889 0.041667 0.088889
0 0.655784 0.731250 0.040423 0.087500
0 0.696206 0.725694 0.042910 0.087500
0 0.735697 0.713889 0.039801 0.083333
0 0.773943 0.706944 0.039179 0.083333
0 0.811567 0.698611 0.039801 0.086111
0 0.572761 0.593750 0.047264 0.065278
