0 0.449627 0.758333 0.041045 0.094444
0 0.490983 0.748611 0.041667 0.091667
0 0.532338 0.736806 0.039801 0.093056
0 0.572761 0.729167 0.038557 0.086111
0 0.610697 0.719444 0.037313 0.083333
0 0.650498 0.709722 0.039801 0.083333
0 0.690609 0.700694 0.042910 0.081944
0 0.728545 0.690278 0.039179 0.083333
0 0.767102 0.684028 0.041667 0.081944
0 0.804726 0.675694 0.038557 0.081944
0 0.512749 0.605556 0.044154 0.077778
0 0.549440 0.597222 0.035448 0.075000
0 0.585510 0.591667 0.040423 0.075000
0 0.620025 0.583333 0.039801 0.072222
0 0.654229 0.575000 0.037313 0.075000
0 0.692786 0.567361 0.047264 0.068056
