0 0.569030 0.581944 0.046020 0.072222
0 0.294776 0.809028 0.052239 0.087500
0 0.339552 0.795833 0.049751 0.086111
0 0.382463 0.779167 0.047264 0.083333
0 0.423818 0.770139 0.044154 0.087500
0 0.466418 0.757639 0.044776 0.087500
0 0.508396 0.742361 0.041667 0.087500
0 0.548507 0.733333 0.038557 0.086111
0 0.588619 0.725694 0.040423 0.087500
0 0.629042 0.715278 0.039179 0.086111
0 0.669776 0.702083 0.041045 0.084722
0 0.709577 0.694444 0.039801 0.083333
0 0.748445 0.684028 0.040423 0.081944
0 0.788557 0.673611 0.038557 0.086111
