0 0.310634 0.805556 0.050373 0.088889
0 0.352612 0.790278 0.048507 0.088889
0 0.396455 0.776389 0.044154 0.088889
0 0.438744 0.759722 0.045398 0.094444
0 0.479789 0.750000 0.042910 0.094444
0 0.521455 0.736111 0.041667 0.094444
0 0.562500 0.729167 0.040423 0.091667
0 0.602612 0.720139 0.039801 0.087500
0 0.641791 0.709028 0.039801 0.090278
0 0.682525 0.698611 0.040423 0.091667
0 0.724192 0.688194 0.040423 0.087500
0 0.762438 0.681250 0.041045 0.087500
0 0.805348 0.683333 0.044776 0.088889
0 0.568719 0.577778 0.050373 0.075000
