0 0.405473 0.776389 0.046020 0.097222
0 0.446517 0.763889 0.041045 0.097222
0 0.487873 0.752778 0.044154 0.097222
0 0.529229 0.740972 0.042289 0.093056
0 0.570274 0.731250 0.039801 0.093056
0 0.610386 0.721528 0.040423 0.090278
0 0.650187 0.709722 0.041667 0.088889
0 0.690609 0.700694 0.041667 0.090278
0 0.729167 0.689583 0.040423 0.087500
0 0.769590 0.679861 0.040423 0.087500
0 0.518035 0.600000 0.043532 0.072222
0 0.554415 0.590972 0.041667 0.070833
0 0.589552 0.582639 0.043532 0.073611
0 0.626866 0.572222 0.039801 0.072222
0 0.664179 0.563889 0.043532 0.066667
