0 0.304415 0.820833 0.052861 0.091667
0 0.347948 0.804167 0.045398 0.091667
0 0.390858 0.790972 0.047886 0.087500
0 0.434701 0.777778 0.043532 0.091667
0 0.474813 0.759722 0.041667 0.091667
0 0.515858 0.745833 0.042910 0.094444
0 0.557525 0.736111 0.039179 0.088889
0 0.596704 0.722917 0.037935 0.090278
0 0.636194 0.712500 0.039801 0.088889
0 0.677239 0.700694 0.041045 0.087500
0 0.718284 0.688889 0.039801 0.088889
0 0.756530 0.679861 0.039179 0.087500
0 0.795709 0.666667 0.040423 0.086111
0 0.563744 0.600000 0.040423 0.077778
0 0.602923 0.584722 0.045398 0.072222
