0 0.341000 0.602273 0.062000 0.049242
0 0.402000 0.601326 0.060000 0.051136
0 0.464000 0.601326 0.060000 0.051136
0 0.527000 0.598485 0.066000 0.049242
0 0.584000 0.595644 0.064000 0.047348
0 0.656000 0.599432 0.084000 0.035985
0 0.204000 0.683712 0.076000 0.053030
0 0.270000 0.680871 0.064000 0.054924
0 0.334000 0.681818 0.064000 0.056818
0 0.402000 0.679924 0.064000 0.053030
0 0.465000 0.680871 0.062000 0.054924
0 0.531000 0.677083 0.062000 0.051136
0 0.590000 0.676136 0.064000 0.053030
0 0.654000 0.678030 0.064000 0.049242
0 0.717000 0.676136 0.062000 0.056818
0 0.781000 0.676136 0.066000 0.053030
