0 0.297575 0.787500 0.049129 0.097222
0 0.341107 0.773611 0.046642 0.088889
0 0.384639 0.759722 0.045398 0.088889
0 0.425684 0.746528 0.042910 0.090278
0 0.465485 0.731250 0.040423 0.093056
0 0.506841 0.722222 0.041045 0.094444
0 0.546642 0.709722 0.039801 0.088889
0 0.586443 0.701389 0.038557 0.086111
0 0.626244 0.688194 0.038557 0.084722
0 0.665734 0.678472 0.039179 0.087500
0 0.705535 0.669444 0.040423 0.083333
0 0.744092 0.658333 0.039179 0.086111
0 0.782338 0.648611 0.039801 0.086111
0 0.516169 0.575694 0.037313 0.068056
0 0.550995 0.563889 0.038557 0.069444
0 0.590485 0.554861 0.041667 0.065278
