0 0.256841 0.796528 0.052239 0.090278
0 0.299751 0.783333 0.047264 0.088889
0 0.343595 0.768056 0.046642 0.086111
0 0.387127 0.756250 0.044154 0.090278
0 0.427861 0.742361 0.042289 0.090278
0 0.467040 0.731250 0.041045 0.090278
0 0.508085 0.718056 0.042289 0.094444
0 0.549129 0.704167 0.039801 0.094444
0 0.587376 0.691667 0.037935 0.088889
0 0.625933 0.678472 0.037935 0.087500
0 0.664801 0.668750 0.037313 0.090278
0 0.703980 0.658333 0.039801 0.088889
0 0.741604 0.646528 0.040423 0.087500
0 0.516791 0.571528 0.039801 0.068056
0 0.553794 0.563194 0.042910 0.065278
