0 0.478234 0.590972 0.039801 0.070833
0 0.514614 0.581250 0.040423 0.068056
0 0.549440 0.572917 0.037935 0.068056
0 0.585510 0.560417 0.037935 0.065278
0 0.621891 0.550000 0.043532 0.063889
0 0.366915 0.767361 0.046020 0.093056
0 0.409204 0.755556 0.043532 0.091667
0 0.450560 0.740278 0.041667 0.094444
0 0.491294 0.729167 0.039801 0.094444
0 0.531405 0.715278 0.040423 0.088889
0 0.570896 0.701389 0.038557 0.091667
0 0.609764 0.688889 0.039179 0.088889
0 0.648632 0.678472 0.037313 0.087500
0 0.687500 0.666667 0.039179 0.091667
0 0.724813 0.659028 0.037935 0.087500
