0 0.362562 0.720833 0.042289 0.088889
0 0.406095 0.709028 0.043532 0.087500
0 0.446517 0.695833 0.041045 0.091667
0 0.485075 0.686806 0.038557 0.087500
0 0.523943 0.675694 0.037935 0.084722
0 0.563122 0.667361 0.039179 0.090278
0 0.601057 0.656250 0.037935 0.087500
0 0.639303 0.646528 0.038557 0.087500
0 0.677550 0.639583 0.037935 0.084722
0 0.715174 0.630556 0.038557 0.083333
0 0.476679 0.555556 0.037935 0.066667
0 0.513060 0.548611 0.039801 0.063889
0 0.547886 0.542361 0.037313 0.062500
0 0.582400 0.534028 0.036692 0.059722
0 0.616294 0.526389 0.043532 0.061111
