0 0.493159 0.602083 0.039801 0.068056
0 0.527985 0.591667 0.042289 0.069444
0 0.564988 0.581944 0.041667 0.066667
0 0.600435 0.572917 0.042910 0.065278
0 0.637127 0.564583 0.045398 0.065278
0 0.396144 0.755556 0.044776 0.080556
0 0.436878 0.747222 0.042910 0.083333
0 0.477612 0.735417 0.042289 0.087500
0 0.519279 0.725694 0.041045 0.087500
0 0.558147 0.713889 0.040423 0.086111
0 0.598570 0.702778 0.039179 0.086111
0 0.637438 0.695139 0.041045 0.084722
0 0.678172 0.685417 0.040423 0.087500
0 0.716729 0.675000 0.040423 0.088889
0 0.756841 0.664583 0.039801 0.087500
