0 0.293221 0.770139 0.049129 0.090278
0 0.336443 0.759722 0.047264 0.088889
0 0.379042 0.744444 0.046642 0.091667
0 0.420087 0.732639 0.042910 0.095833
0 0.460199 0.722222 0.041045 0.091667
0 0.500933 0.710417 0.042910 0.093056
0 0.541667 0.702083 0.039801 0.087500
0 0.581157 0.695833 0.037935 0.083333
0 0.620336 0.684722 0.040423 0.086111
0 0.660137 0.673611 0.040423 0.086111
0 0.699005 0.665972 0.038557 0.090278
0 0.736940 0.657639 0.041045 0.084722
0 0.777985 0.648611 0.038557 0.083333
0 0.541978 0.560417 0.037935 0.062500
0 0.581468 0.550694 0.039801 0.065278
