0 0.320896 0.776389 0.046020 0.097222
0 0.364428 0.756250 0.047264 0.090278
0 0.407649 0.747917 0.042910 0.087500
0 0.446206 0.726389 0.042910 0.094444
0 0.486940 0.715278 0.042289 0.091667
0 0.526119 0.705556 0.039801 0.088889
0 0.566542 0.693750 0.041045 0.087500
0 0.605410 0.681250 0.037935 0.090278
0 0.644590 0.674306 0.041667 0.087500
0 0.683458 0.665972 0.039801 0.087500
0 0.722326 0.654167 0.040423 0.086111
0 0.760572 0.643750 0.038557 0.084722
0 0.563122 0.554167 0.045398 0.063889
0 0.797886 0.634722 0.037313 0.088889
