0 0.517413 0.564583 0.039801 0.068056
0 0.552239 0.556250 0.038557 0.062500
0 0.587998 0.548611 0.034204 0.058333
0 0.622201 0.540972 0.035448 0.062500
0 0.659204 0.531250 0.042289 0.059722
0 0.422264 0.736111 0.043532 0.086111
0 0.462376 0.722917 0.040423 0.084722
0 0.501866 0.714583 0.039801 0.087500
0 0.541978 0.704861 0.040423 0.087500
0 0.581779 0.695833 0.039179 0.086111
0 0.621580 0.684722 0.039179 0.086111
0 0.660137 0.677778 0.037935 0.088889
0 0.699938 0.668056 0.039179 0.088889
0 0.739117 0.661111 0.040423 0.086111
0 0.777985 0.652778 0.038557 0.083333
