0 0.435012 0.585417 0.037935 0.068056
0 0.470460 0.572917 0.039179 0.062500
0 0.505908 0.563889 0.036692 0.066667
0 0.541045 0.555556 0.034826 0.063889
0 0.575560 0.545833 0.035448 0.063889
0 0.609764 0.536806 0.036692 0.065278
0 0.644279 0.527778 0.036070 0.063889
0 0.679104 0.518750 0.034826 0.065278
0 0.717040 0.509722 0.042289 0.061111
0 0.496891 0.702778 0.038557 0.091667
0 0.534826 0.690278 0.038557 0.088889
0 0.574627 0.679861 0.039801 0.087500
0 0.614428 0.671528 0.039801 0.087500
0 0.652985 0.663194 0.038557 0.084722
0 0.692164 0.651389 0.039801 0.086111
0 0.730410 0.641667 0.037935 0.088889
