0 0.298197 0.800000 0.056592 0.091667
0 0.341107 0.779167 0.051617 0.091667
0 0.383706 0.764583 0.047264 0.093056
0 0.426306 0.749306 0.045398 0.093056
0 0.466107 0.734722 0.040423 0.091667
0 0.506219 0.722222 0.041045 0.088889
0 0.546642 0.712500 0.039801 0.086111
0 0.586754 0.700694 0.040423 0.084722
0 0.624067 0.685417 0.036692 0.087500
0 0.665112 0.679861 0.042910 0.087500
0 0.704291 0.669444 0.036692 0.086111
0 0.742226 0.656944 0.040423 0.088889
0 0.780784 0.645833 0.039179 0.091667
0 0.553794 0.558333 0.041667 0.061111
0 0.592973 0.550694 0.044154 0.059722
