0 0.409204 0.738889 0.042289 0.088889
0 0.449316 0.729167 0.040423 0.091667
0 0.489428 0.719444 0.041045 0.088889
0 0.529229 0.711111 0.041045 0.088889
0 0.569963 0.699306 0.039179 0.084722
0 0.608520 0.690278 0.039179 0.083333
0 0.647699 0.678472 0.037935 0.084722
0 0.687189 0.669444 0.039801 0.086111
0 0.726368 0.660417 0.039801 0.084722
0 0.764614 0.652083 0.039179 0.084722
0 0.521455 0.575000 0.037935 0.069444
0 0.558147 0.563889 0.035448 0.063889
0 0.592662 0.554167 0.033582 0.063889
0 0.630286 0.543056 0.041667 0.066667
