0 0.417910 0.757639 0.042289 0.095833
0 0.459266 0.744444 0.041667 0.094444
0 0.500622 0.731250 0.041045 0.095833
0 0.541356 0.720833 0.040423 0.091667
0 0.581468 0.711806 0.039801 0.090278
0 0.621580 0.701389 0.041667 0.088889
0 0.662002 0.693056 0.040423 0.086111
0 0.700871 0.680556 0.041045 0.086111
0 0.741294 0.672917 0.038557 0.087500
0 0.781095 0.664583 0.039801 0.084722
0 0.520522 0.589583 0.041045 0.070833
0 0.555970 0.578472 0.036070 0.068056
0 0.591418 0.570139 0.038557 0.065278
0 0.628731 0.559722 0.038557 0.069444
0 0.666356 0.550000 0.040423 0.072222
