0 0.404229 0.671528 0.038557 0.076389
0 0.443719 0.661111 0.040423 0.072222
0 0.481654 0.654167 0.039179 0.075000
0 0.518657 0.640972 0.039801 0.076389
0 0.556281 0.631944 0.040423 0.077778
0 0.592662 0.622222 0.038557 0.075000
0 0.630597 0.613889 0.041045 0.077778
0 0.666978 0.605556 0.044154 0.075000
0 0.707400 0.595833 0.044154 0.077778
0 0.467973 0.788194 0.041667 0.095833
0 0.509328 0.780556 0.043532 0.091667
0 0.552239 0.772222 0.042289 0.083333
0 0.593595 0.755556 0.042910 0.088889
0 0.635261 0.747222 0.040423 0.086111
0 0.675995 0.741667 0.043532 0.088889
0 0.717351 0.734722 0.042910 0.088889
