0 0.252488 0.802778 0.049751 0.086111
0 0.295709 0.788194 0.047886 0.090278
0 0.341107 0.776389 0.046642 0.088889
0 0.384328 0.761806 0.044776 0.084722
0 0.426306 0.747917 0.042910 0.084722
0 0.467040 0.736806 0.041045 0.084722
0 0.508396 0.726389 0.040423 0.086111
0 0.548507 0.715278 0.039801 0.083333
0 0.587376 0.704167 0.037935 0.083333
0 0.625311 0.690972 0.037935 0.084722
0 0.664490 0.681944 0.039179 0.086111
0 0.702736 0.670139 0.037313 0.084722
0 0.740983 0.661806 0.039179 0.087500
0 0.524876 0.589583 0.039801 0.068056
0 0.560634 0.579861 0.037935 0.065278
0 0.599192 0.571528 0.041667 0.065278
