0 0.399565 0.783333 0.044154 0.086111
0 0.441542 0.772222 0.043532 0.083333
0 0.484453 0.760417 0.042289 0.084722
0 0.525187 0.750694 0.041667 0.087500
0 0.566542 0.738889 0.041045 0.086111
0 0.606965 0.728472 0.041045 0.087500
0 0.647699 0.721528 0.041667 0.087500
0 0.687811 0.712500 0.039801 0.086111
0 0.726679 0.704167 0.040423 0.086111
0 0.766169 0.695833 0.041045 0.086111
0 0.456779 0.634722 0.039179 0.075000
0 0.493781 0.624306 0.037313 0.070833
0 0.530473 0.614583 0.041045 0.070833
0 0.566542 0.606250 0.034826 0.068056
0 0.601057 0.595833 0.037935 0.072222
0 0.638371 0.588889 0.039179 0.069444
0 0.678172 0.579167 0.041667 0.072222
