0 0.253420 0.831250 0.051617 0.087500
0 0.301617 0.820833 0.046020 0.086111
0 0.346082 0.802083 0.046642 0.090278
0 0.389614 0.792361 0.045398 0.087500
0 0.433147 0.782639 0.044154 0.090278
0 0.474813 0.771528 0.042910 0.084722
0 0.515858 0.757639 0.040423 0.084722
0 0.556903 0.746528 0.041667 0.087500
0 0.597948 0.738889 0.040423 0.088889
0 0.639614 0.731944 0.042910 0.088889
0 0.680037 0.722917 0.042910 0.087500
0 0.719527 0.714583 0.043532 0.087500
0 0.759017 0.705556 0.044154 0.086111
0 0.484142 0.624306 0.042910 0.076389
0 0.523321 0.615972 0.034204 0.073611
0 0.557836 0.604861 0.038557 0.068056
0 0.597326 0.599306 0.042910 0.076389
