0 0.262127 0.813194 0.050373 0.090278
0 0.309080 0.797917 0.049751 0.090278
0 0.352612 0.785417 0.046020 0.090278
0 0.395833 0.774306 0.044154 0.087500
0 0.438744 0.763889 0.041667 0.086111
0 0.479478 0.752778 0.041045 0.086111
0 0.520833 0.745139 0.041667 0.084722
0 0.561567 0.732639 0.041045 0.081944
0 0.600746 0.722222 0.039801 0.086111
0 0.641169 0.713889 0.039801 0.083333
0 0.680970 0.706250 0.039801 0.084722
0 0.720460 0.697917 0.039179 0.084722
0 0.760572 0.685417 0.037313 0.087500
0 0.525808 0.593056 0.039179 0.069444
0 0.565299 0.584028 0.041045 0.065278
