0 0.295087 0.843056 0.052861 0.083333
0 0.339241 0.822222 0.047886 0.083333
0 0.383706 0.805556 0.046020 0.086111
0 0.427550 0.793056 0.042910 0.083333
0 0.469838 0.777778 0.041667 0.091667
0 0.510883 0.765972 0.041667 0.090278
0 0.552861 0.756944 0.042289 0.088889
0 0.594216 0.745139 0.041667 0.087500
0 0.634328 0.735417 0.039801 0.087500
0 0.674129 0.722917 0.041045 0.084722
0 0.712687 0.706944 0.037313 0.086111
0 0.751866 0.695139 0.041045 0.087500
0 0.792600 0.686806 0.037935 0.087500
0 0.539801 0.624306 0.043532 0.073611
0 0.578358 0.615278 0.044776 0.069444
0 0.616294 0.606250 0.042289 0.070833
