0 0.440920 0.634028 0.041045 0.076389
0 0.478545 0.623611 0.036692 0.069444
0 0.512749 0.615278 0.040423 0.066667
0 0.550684 0.602778 0.039179 0.066667
0 0.587065 0.590278 0.042289 0.061111
0 0.333644 0.807639 0.049129 0.084722
0 0.377488 0.793056 0.044776 0.086111
0 0.420709 0.781250 0.044154 0.081944
0 0.462376 0.772917 0.041667 0.081944
0 0.504042 0.760417 0.041667 0.087500
0 0.545087 0.752083 0.040423 0.090278
0 0.585199 0.740972 0.039801 0.090278
0 0.626244 0.733333 0.042289 0.088889
0 0.667910 0.727083 0.041045 0.087500
0 0.707711 0.712500 0.038557 0.083333
