0 0.295709 0.665278 0.049129 0.086111
0 0.338930 0.661111 0.044776 0.080556
0 0.379042 0.651389 0.041667 0.080556
0 0.420087 0.645139 0.041667 0.079167
0 0.459577 0.638889 0.038557 0.083333
0 0.497201 0.631250 0.037935 0.081944
0 0.535759 0.625694 0.040423 0.076389
0 0.574005 0.620833 0.038557 0.077778
0 0.611318 0.613889 0.036070 0.083333
0 0.647699 0.609722 0.037935 0.077778
0 0.685012 0.603472 0.039179 0.079167
0 0.720460 0.600000 0.037935 0.077778
0 0.758706 0.593750 0.039801 0.079167
0 0.545709 0.501389 0.044154 0.063889
