0 0.326182 0.650000 0.045398 0.080556
0 0.368159 0.642361 0.042289 0.081944
0 0.408893 0.635417 0.039179 0.079167
0 0.448072 0.629167 0.037935 0.080556
0 0.485697 0.619444 0.037313 0.075000
0 0.523321 0.612500 0.036692 0.083333
0 0.561567 0.606250 0.036070 0.073611
0 0.597015 0.602778 0.037313 0.077778
0 0.635261 0.596528 0.037935 0.073611
0 0.670709 0.590278 0.036692 0.080556
0 0.497201 0.488889 0.035448 0.058333
0 0.530473 0.484722 0.033582 0.058333
0 0.562189 0.479167 0.036070 0.058333
0 0.595149 0.475694 0.037313 0.059722
