0 0.392724 0.515278 0.035448 0.061111
0 0.426928 0.511111 0.034204 0.061111
0 0.460821 0.506944 0.034826 0.061111
0 0.494714 0.502083 0.034204 0.065278
0 0.527985 0.500000 0.032338 0.058333
0 0.560945 0.496528 0.034826 0.065278
0 0.594216 0.486111 0.037935 0.055556
0 0.322761 0.666667 0.048507 0.080556
0 0.364117 0.655556 0.044154 0.080556
0 0.405473 0.647917 0.042289 0.073611
0 0.444652 0.643750 0.039801 0.079167
0 0.483831 0.634028 0.038557 0.079167
0 0.521144 0.625000 0.036070 0.077778
0 0.557525 0.617361 0.036692 0.079167
0 0.595460 0.611806 0.036692 0.076389
0 0.632774 0.606944 0.036692 0.080556
0 0.669154 0.602778 0.037313 0.077778
