0 0.247813 0.835492 0.069971 0.116580
0 0.311953 0.814767 0.067055 0.111399
0 0.374636 0.801813 0.067055 0.111399
0 0.428571 0.773316 0.049563 0.106218
0 0.483236 0.743523 0.059767 0.113990
0 0.539359 0.724093 0.055394 0.111399
0 0.589650 0.704663 0.048105 0.108808
0 0.641399 0.694301 0.055394 0.098446
0 0.690233 0.669689 0.048105 0.101036
0 0.738338 0.647668 0.045190 0.108808
0 0.403061 0.629534 0.056851 0.103627
0 0.596939 0.556995 0.048105 0.077720
0 0.551020 0.577720 0.064140 0.088083
0 0.502187 0.593264 0.062682 0.088083
0 0.453353 0.611399 0.055394 0.103627
