0 0.092578 0.839063 0.089844 0.080208
0 0.166016 0.836458 0.082031 0.075000
0 0.237109 0.833854 0.082031 0.082292
0 0.305469 0.834375 0.068750 0.085417
0 0.375391 0.835417 0.071094 0.083333
0 0.446484 0.830208 0.069531 0.079167
0 0.515625 0.829688 0.068750 0.078125
0 0.584375 0.829167 0.067187 0.077083
0 0.651953 0.826562 0.066406 0.080208
0 0.719141 0.826042 0.067969 0.077083
0 0.786719 0.828125 0.068750 0.079167
0 0.846094 0.828125 0.067187 0.087500
0 0.917969 0.831771 0.075000 0.076042
0 0.380078 0.623437 0.061719 0.069792
0 0.434766 0.629167 0.058594 0.068750
0 0.491406 0.632812 0.056250 0.067708
0 0.557031 0.644792 0.075000 0.050000
0 0.633594 0.646875 0.079687 0.054167
