0 0.164844 0.666667 0.095312 0.058333
0 0.247656 0.670312 0.089063 0.053125
0 0.320703 0.660937 0.071094 0.069792
0 0.380859 0.661979 0.061719 0.069792
0 0.439063 0.696354 0.062500 0.067708
0 0.499219 0.691146 0.059375 0.067708
0 0.556641 0.693229 0.061719 0.078125
0 0.618359 0.693229 0.060156 0.078125
0 0.680469 0.694271 0.062500 0.078125
0 0.738281 0.696354 0.062500 0.078125
0 0.784766 0.654167 0.069531 0.060417
0 0.847266 0.653646 0.067969 0.061458
0 0.906250 0.654687 0.067187 0.065625
0 0.461328 0.854688 0.074219 0.090625
0 0.535937 0.853125 0.075000 0.089583
0 0.607812 0.853646 0.068750 0.088542
0 0.680078 0.856250 0.078906 0.087500
