0 0.170313 0.817708 0.073438 0.075000
0 0.236719 0.820833 0.071875 0.077083
0 0.307031 0.818229 0.070312 0.071875
0 0.372656 0.815625 0.071875 0.083333
0 0.440625 0.817187 0.068750 0.073958
0 0.505078 0.818750 0.060156 0.077083
0 0.567187 0.818229 0.064062 0.080208
0 0.635938 0.820833 0.062500 0.072917
0 0.701562 0.820833 0.060937 0.077083
0 0.767188 0.816667 0.060937 0.075000
0 0.439063 0.640104 0.054688 0.067708
0 0.493359 0.639062 0.053906 0.063542
0 0.546094 0.641146 0.053125 0.061458
0 0.601953 0.640104 0.060156 0.059375
