0 0.135156 0.807813 0.084375 0.082292
0 0.207813 0.809375 0.082812 0.079167
0 0.285938 0.808333 0.082812 0.081250
0 0.362109 0.808854 0.072656 0.080208
0 0.437109 0.807292 0.078906 0.081250
0 0.509766 0.807292 0.069531 0.081250
0 0.583203 0.806250 0.074219 0.077083
0 0.654297 0.808854 0.077344 0.084375
0 0.726172 0.807292 0.069531 0.081250
0 0.794141 0.809375 0.075781 0.079167
0 0.868750 0.805208 0.076563 0.075000
0 0.365234 0.633333 0.071094 0.079167
0 0.426953 0.634896 0.060156 0.071875
0 0.488672 0.635938 0.061719 0.071875
0 0.550391 0.639062 0.064844 0.076042
0 0.610156 0.637500 0.068750 0.070833
