0 0.239209 0.852174 0.073741 0.100870
0 0.302158 0.840000 0.071942 0.104348
0 0.364658 0.825217 0.063849 0.102609
0 0.424011 0.817391 0.060252 0.100870
0 0.484712 0.803478 0.059353 0.111304
0 0.544514 0.795652 0.060252 0.116522
0 0.603417 0.789565 0.062950 0.107826
0 0.661421 0.785217 0.062050 0.109565
0 0.719424 0.774783 0.064748 0.113043
0 0.777428 0.766957 0.069245 0.111304
0 0.615108 0.620870 0.066547 0.093913
0 0.560252 0.631304 0.053957 0.086957
0 0.512140 0.636522 0.056655 0.080000
0 0.462680 0.646087 0.054856 0.074783
