0 0.160279 0.841385 0.081882 0.095008
0 0.226916 0.828502 0.068815 0.107890
0 0.292683 0.818035 0.069686 0.106280
0 0.355836 0.803543 0.065331 0.090177
0 0.415941 0.789855 0.060105 0.098229
0 0.474303 0.772142 0.061847 0.095008
0 0.535714 0.774557 0.060976 0.099839
0 0.594077 0.768116 0.059233 0.103060
0 0.655052 0.754428 0.057491 0.101449
0 0.710801 0.740741 0.062718 0.096618
0 0.770470 0.737520 0.054878 0.103060
0 0.824477 0.726248 0.060105 0.096618
0 0.884582 0.722222 0.067073 0.104670
0 0.530923 0.608696 0.063589 0.093398
