0 0.157721 0.866993 0.077696 0.071895
0 0.225123 0.863235 0.075245 0.066340
0 0.288848 0.862582 0.070343 0.067647
0 0.352083 0.858824 0.067892 0.064052
0 0.416176 0.857190 0.063725 0.060784
0 0.479167 0.853922 0.063725 0.065359
0 0.541667 0.855065 0.062745 0.069608
0 0.605392 0.854412 0.062745 0.064379
0 0.665074 0.855065 0.062990 0.067647
0 0.728309 0.851307 0.057108 0.062092
0 0.792402 0.855556 0.061275 0.068627
0 0.846324 0.852288 0.061275 0.066667
0 0.910172 0.853431 0.072794 0.064379
0 0.790809 0.657353 0.092402 0.077451
