0 0.271766 0.746528 0.052239 0.095833
0 0.323072 0.728472 0.049129 0.093056
0 0.370025 0.712500 0.046020 0.091667
0 0.413246 0.700694 0.044154 0.090278
0 0.458022 0.691667 0.044154 0.091667
0 0.502177 0.682639 0.041667 0.090278
0 0.545087 0.674306 0.040423 0.090278
0 0.588308 0.670139 0.046020 0.087500
0 0.632774 0.662500 0.044154 0.086111
0 0.675995 0.656944 0.044776 0.088889
0 0.717040 0.650000 0.043532 0.088889
0 0.759328 0.643056 0.041045 0.088889
0 0.801617 0.635417 0.044776 0.087500
0 0.520522 0.538194 0.039801 0.076389
0 0.558769 0.536806 0.041667 0.076389
0 0.598881 0.529861 0.043532 0.068056
