0 0.271766 0.727083 0.058458 0.093056
0 0.320585 0.719444 0.052861 0.086111
0 0.366604 0.708333 0.052861 0.080556
0 0.411692 0.702083 0.047264 0.084722
0 0.456157 0.691667 0.045398 0.080556
0 0.499378 0.683333 0.043532 0.083333
0 0.541667 0.675000 0.043532 0.086111
0 0.586443 0.665278 0.042289 0.083333
0 0.630286 0.656250 0.041667 0.076389
0 0.673818 0.651389 0.044154 0.086111
0 0.713308 0.640972 0.041045 0.087500
0 0.756219 0.634028 0.046020 0.084722
0 0.798197 0.625694 0.042910 0.087500
0 0.557214 0.534028 0.048507 0.076389
