0 0.550684 0.529861 0.047886 0.073611
0 0.255908 0.733333 0.059080 0.088889
0 0.306592 0.727083 0.050995 0.093056
0 0.350435 0.715278 0.051617 0.088889
0 0.399254 0.700000 0.039801 0.091667
0 0.442164 0.693056 0.042289 0.088889
0 0.486318 0.686111 0.042289 0.094444
0 0.530162 0.678472 0.044154 0.093056
0 0.574627 0.672222 0.042289 0.086111
0 0.617226 0.660417 0.042910 0.081944
0 0.660759 0.650000 0.044154 0.091667
0 0.701493 0.643056 0.039801 0.088889
0 0.741294 0.635417 0.046020 0.087500
0 0.788246 0.628472 0.042910 0.090278
