0 0.298507 0.734722 0.042289 0.108333
0 0.343284 0.722917 0.046020 0.093056
0 0.389614 0.711806 0.049129 0.093056
0 0.435945 0.698611 0.044776 0.088889
0 0.479478 0.695139 0.044776 0.084722
0 0.524565 0.686806 0.045398 0.090278
0 0.568719 0.683333 0.042910 0.086111
0 0.612873 0.677778 0.045398 0.086111
0 0.657960 0.672222 0.047264 0.088889
0 0.697761 0.664583 0.046020 0.084722
0 0.742848 0.652083 0.037935 0.087500
0 0.782649 0.646528 0.042910 0.090278
0 0.824316 0.641667 0.049129 0.086111
0 0.567164 0.538889 0.048507 0.072222
