0 0.283271 0.739583 0.059080 0.090278
0 0.333022 0.732639 0.046642 0.090278
0 0.376866 0.721528 0.046020 0.090278
0 0.423818 0.711111 0.042910 0.091667
0 0.468595 0.702083 0.042910 0.084722
0 0.513371 0.694444 0.041667 0.083333
0 0.556903 0.683333 0.042910 0.088889
0 0.600435 0.678472 0.044154 0.087500
0 0.644279 0.669444 0.042289 0.086111
0 0.688744 0.662500 0.044154 0.083333
0 0.730410 0.656250 0.039179 0.084722
0 0.770211 0.649306 0.042910 0.084722
0 0.813433 0.636806 0.044776 0.084722
0 0.551617 0.542361 0.044776 0.070833
0 0.591729 0.534028 0.045398 0.062500
