0 0.520522 0.554167 0.044776 0.083333
0 0.557836 0.545833 0.042289 0.080556
0 0.597948 0.534028 0.041667 0.073611
0 0.246891 0.767361 0.059701 0.087500
0 0.296020 0.751389 0.053483 0.088889
0 0.343284 0.740278 0.049751 0.083333
0 0.391791 0.729861 0.044776 0.087500
0 0.437811 0.719444 0.044776 0.088889
0 0.481654 0.706250 0.042910 0.087500
0 0.527052 0.699306 0.044154 0.090278
0 0.571206 0.693750 0.042910 0.090278
0 0.616294 0.686111 0.046020 0.088889
0 0.658582 0.679861 0.050995 0.090278
0 0.704602 0.672222 0.044776 0.086111
0 0.745647 0.663889 0.043532 0.091667
0 0.790734 0.655556 0.050373 0.094444
