0 0.455535 0.560417 0.037935 0.079167
0 0.495025 0.556944 0.037313 0.080556
0 0.532338 0.547917 0.039801 0.073611
0 0.571517 0.537500 0.038557 0.072222
0 0.606654 0.532639 0.046642 0.068056
0 0.644279 0.526389 0.042289 0.066667
0 0.685012 0.520833 0.052861 0.072222
0 0.336754 0.730556 0.055348 0.091667
0 0.384017 0.724306 0.047886 0.087500
0 0.429104 0.714583 0.046020 0.090278
0 0.474813 0.706250 0.046642 0.090278
0 0.518346 0.698611 0.046642 0.088889
0 0.563744 0.690972 0.045398 0.087500
0 0.606343 0.681250 0.041045 0.084722
0 0.651741 0.674306 0.046020 0.090278
0 0.696517 0.665972 0.046020 0.087500
0 0.739117 0.659722 0.044154 0.091667
