0 0.334266 0.705556 0.045398 0.097222
0 0.379664 0.691667 0.044154 0.094444
0 0.426306 0.685417 0.045398 0.090278
0 0.468905 0.679861 0.043532 0.093056
0 0.512127 0.665972 0.040423 0.093056
0 0.555348 0.660417 0.042289 0.090278
0 0.599813 0.649306 0.040423 0.087500
0 0.642413 0.643056 0.039801 0.086111
0 0.682836 0.640278 0.043532 0.086111
0 0.725746 0.631944 0.044776 0.088889
0 0.600746 0.504861 0.043532 0.068056
0 0.564988 0.514583 0.040423 0.070833
0 0.526430 0.517361 0.036692 0.070833
0 0.490361 0.526389 0.041667 0.069444
0 0.454602 0.535417 0.041045 0.073611
