0 0.265858 0.775000 0.064055 0.080556
0 0.311878 0.755556 0.055348 0.094444
0 0.358520 0.740972 0.049129 0.093056
0 0.406405 0.734722 0.047886 0.083333
0 0.453358 0.726389 0.041045 0.088889
0 0.500311 0.719444 0.047886 0.091667
0 0.544465 0.711806 0.044154 0.093056
0 0.589552 0.706944 0.044776 0.097222
0 0.633706 0.697222 0.048507 0.088889
0 0.678172 0.690972 0.047886 0.081944
0 0.721082 0.681944 0.044154 0.088889
0 0.764614 0.671528 0.040423 0.098611
0 0.807836 0.667361 0.052239 0.087500
0 0.549440 0.565278 0.059080 0.077778
