0 0.794465 0.618750 0.052861 0.090278
0 0.751866 0.626389 0.039801 0.097222
0 0.711754 0.634722 0.045398 0.102778
0 0.670087 0.640972 0.042910 0.095833
0 0.625933 0.645833 0.042910 0.091667
0 0.585199 0.652778 0.041045 0.094444
0 0.541356 0.659722 0.041667 0.094444
0 0.500622 0.668056 0.043532 0.080556
0 0.453358 0.676389 0.044776 0.094444
0 0.410448 0.684028 0.043532 0.093056
0 0.366604 0.692361 0.044154 0.098611
0 0.319341 0.704167 0.044154 0.100000
0 0.271766 0.710417 0.053483 0.095833
0 0.544465 0.486806 0.041667 0.059722
