0 0.795087 0.635417 0.045398 0.084722
0 0.756219 0.649306 0.046020 0.084722
0 0.711754 0.660417 0.041667 0.090278
0 0.669465 0.666667 0.042910 0.088889
0 0.628109 0.686111 0.042289 0.091667
0 0.584577 0.692361 0.044776 0.090278
0 0.540734 0.704167 0.044154 0.094444
0 0.496580 0.712500 0.044154 0.100000
0 0.451493 0.727083 0.046020 0.098611
0 0.404540 0.745139 0.049129 0.101389
0 0.356965 0.759722 0.049751 0.094444
0 0.307836 0.765972 0.055970 0.095833
0 0.259017 0.780556 0.059080 0.091667
0 0.676928 0.521528 0.047886 0.076389
0 0.633396 0.527778 0.039179 0.063889
0 0.594838 0.538194 0.039179 0.070833
0 0.555970 0.552083 0.041045 0.073611
0 0.520211 0.561806 0.039179 0.084722
0 0.481032 0.568750 0.044154 0.079167
