0 0.388060 0.727083 0.049751 0.093056
0 0.435634 0.714583 0.044154 0.093056
0 0.479789 0.704167 0.044154 0.086111
0 0.524565 0.696528 0.041667 0.087500
0 0.567475 0.688194 0.042910 0.087500
0 0.610386 0.678472 0.042910 0.090278
0 0.655784 0.671528 0.046642 0.090278
0 0.699627 0.666667 0.046020 0.088889
0 0.742226 0.659028 0.040423 0.087500
0 0.783271 0.653472 0.042910 0.090278
0 0.685634 0.520139 0.042910 0.068056
0 0.645833 0.531250 0.037935 0.070833
0 0.610075 0.538889 0.039801 0.069444
0 0.573694 0.545139 0.042910 0.073611
0 0.535759 0.552778 0.044154 0.072222
0 0.496891 0.560417 0.041045 0.084722
