0 0.507463 0.559722 0.043532 0.072222
0 0.544776 0.553472 0.043532 0.070833
0 0.581779 0.543750 0.044154 0.073611
0 0.622201 0.537500 0.046642 0.072222
0 0.738184 0.659028 0.044776 0.084722
0 0.694341 0.668056 0.042910 0.086111
0 0.652363 0.679167 0.039801 0.083333
0 0.609453 0.690972 0.044776 0.090278
0 0.564988 0.697917 0.044154 0.090278
0 0.521455 0.706944 0.042910 0.097222
0 0.474192 0.713194 0.045398 0.093056
0 0.429104 0.724306 0.044776 0.093056
0 0.382152 0.734028 0.049129 0.098611
0 0.334888 0.742361 0.055348 0.093056
