0 0.760261 0.669444 0.044154 0.086111
0 0.717662 0.677083 0.042289 0.087500
0 0.673507 0.682639 0.042289 0.087500
0 0.629353 0.689583 0.044776 0.087500
0 0.584888 0.695833 0.045398 0.088889
0 0.540734 0.700000 0.045398 0.091667
0 0.494403 0.707639 0.043532 0.090278
0 0.450249 0.714583 0.043532 0.093056
0 0.402985 0.729861 0.048507 0.090278
0 0.351990 0.743056 0.054726 0.088889
0 0.647699 0.535417 0.049129 0.076389
0 0.608520 0.538194 0.045398 0.068056
0 0.570585 0.545139 0.044154 0.073611
0 0.532960 0.557639 0.039801 0.076389
0 0.493470 0.563889 0.042910 0.080556
