0 0.651119 0.658333 0.046020 0.088889
0 0.608209 0.662500 0.042289 0.086111
0 0.566542 0.672917 0.043532 0.090278
0 0.523321 0.679167 0.042910 0.088889
0 0.478856 0.688889 0.044776 0.091667
0 0.434080 0.698611 0.044776 0.094444
0 0.388993 0.705556 0.055348 0.094444
0 0.601057 0.518056 0.044154 0.075000
0 0.561256 0.524306 0.039179 0.076389
0 0.525187 0.531250 0.041667 0.065278
0 0.488184 0.540278 0.041045 0.072222
0 0.450560 0.546528 0.039179 0.073611
0 0.412002 0.554861 0.036692 0.076389
0 0.373445 0.563194 0.042910 0.076389
