0 0.757152 0.615278 0.036692 0.080556
0 0.721393 0.629167 0.036070 0.083333
0 0.685323 0.635417 0.034826 0.084722
0 0.647699 0.643750 0.035448 0.084722
0 0.611318 0.654861 0.037313 0.093056
0 0.573383 0.665278 0.037313 0.086111
0 0.535759 0.677778 0.036692 0.086111
0 0.498134 0.685417 0.039801 0.090278
0 0.457400 0.697917 0.040423 0.093056
0 0.416978 0.711806 0.041667 0.093056
0 0.376866 0.722222 0.039801 0.100000
0 0.334266 0.734028 0.041667 0.095833
0 0.290734 0.751389 0.045398 0.100000
0 0.548197 0.529167 0.045398 0.061111
