0 0.136914 0.638542 0.101953 0.090625
0 0.216797 0.639323 0.090625 0.085938
0 0.299414 0.646875 0.087109 0.090625
0 0.377539 0.646875 0.079297 0.090625
0 0.456250 0.641667 0.078125 0.090625
0 0.537695 0.650260 0.076953 0.097396
0 0.615625 0.650781 0.074219 0.089063
0 0.694531 0.654427 0.090625 0.085938
0 0.772656 0.645052 0.080469 0.100521
0 0.845703 0.645833 0.096094 0.092708
0 0.630859 0.474479 0.074219 0.082292
0 0.565430 0.473698 0.064453 0.080729
0 0.502930 0.476042 0.062891 0.082292
0 0.437500 0.473958 0.065625 0.073958
0 0.370117 0.475521 0.069141 0.077083
