0 0.224805 0.584635 0.064453 0.070312
0 0.280469 0.582031 0.053125 0.066146
0 0.324609 0.582812 0.050781 0.073958
0 0.372461 0.573438 0.048828 0.064583
0 0.416992 0.572917 0.045703 0.063542
0 0.462305 0.572656 0.041797 0.061979
0 0.505859 0.565885 0.046094 0.058854
0 0.549023 0.562760 0.047266 0.061979
0 0.590039 0.560156 0.048047 0.064062
0 0.631641 0.558854 0.049219 0.059375
0 0.672070 0.556510 0.044141 0.061979
0 0.712891 0.553125 0.042969 0.060417
0 0.755469 0.552865 0.050000 0.064062
0 0.674414 0.696875 0.061328 0.041667
0 0.617578 0.703646 0.059375 0.039583
0 0.565234 0.702604 0.051562 0.038542
0 0.513281 0.707031 0.055469 0.042188
0 0.456445 0.708594 0.056641 0.040104
0 0.401172 0.712760 0.064062 0.044271
0 0.340430 0.717969 0.070703 0.048438
