0 0.687500 0.616667 0.035448 0.080556
0 0.652985 0.629861 0.036070 0.087500
0 0.615983 0.636806 0.036692 0.090278
0 0.580224 0.647917 0.034826 0.087500
0 0.544154 0.660417 0.036070 0.090278
0 0.505908 0.672917 0.037935 0.090278
0 0.467351 0.685417 0.037935 0.093056
0 0.427550 0.695139 0.039179 0.095833
0 0.386816 0.706944 0.038557 0.097222
0 0.344527 0.720833 0.044776 0.088889
0 0.449938 0.548611 0.042910 0.066667
0 0.487251 0.543750 0.036692 0.073611
0 0.520211 0.532639 0.040423 0.062500
0 0.554726 0.523611 0.038557 0.066667
0 0.588930 0.517361 0.041045 0.065278
