0 0.456468 0.708333 0.039801 0.091667
0 0.495958 0.695833 0.037935 0.086111
0 0.535448 0.684028 0.038557 0.087500
0 0.575249 0.676389 0.038557 0.083333
0 0.613495 0.663889 0.035448 0.086111
0 0.648010 0.651389 0.033582 0.083333
0 0.684080 0.638889 0.038557 0.083333
0 0.422575 0.595833 0.041667 0.069444
0 0.461754 0.584028 0.041667 0.068056
0 0.495025 0.578472 0.038557 0.068056
0 0.530784 0.567361 0.039179 0.068056
0 0.564055 0.557639 0.037313 0.068056
0 0.598881 0.546528 0.036070 0.065278
0 0.631841 0.536111 0.034826 0.063889
0 0.669154 0.526389 0.039801 0.063889
