0 0.237251 0.772917 0.049129 0.095833
0 0.281095 0.759028 0.047264 0.090278
0 0.326182 0.741667 0.045398 0.091667
0 0.367226 0.725000 0.046642 0.086111
0 0.408893 0.708333 0.040423 0.091667
0 0.448383 0.695833 0.038557 0.094444
0 0.486940 0.684722 0.037313 0.091667
0 0.524565 0.669444 0.040423 0.086111
0 0.564055 0.662500 0.038557 0.088889
0 0.598881 0.647222 0.034826 0.083333
0 0.634017 0.635417 0.034204 0.087500
0 0.671953 0.626389 0.036692 0.088889
0 0.708022 0.613194 0.036692 0.087500
0 0.488806 0.549306 0.041045 0.065278
0 0.526741 0.545833 0.042289 0.066667
