0 0.671642 0.615278 0.036070 0.086111
0 0.638060 0.626389 0.037313 0.088889
0 0.602301 0.638889 0.036692 0.088889
0 0.565299 0.647222 0.036070 0.088889
0 0.528296 0.651389 0.037935 0.105556
0 0.490050 0.670833 0.037313 0.088889
0 0.451493 0.681250 0.041045 0.093056
0 0.331157 0.730556 0.047886 0.086111
0 0.284204 0.745833 0.043532 0.086111
0 0.458022 0.547917 0.041667 0.065278
0 0.492226 0.540278 0.034204 0.069444
0 0.525187 0.527778 0.032960 0.061111
0 0.559080 0.518056 0.034826 0.058333
0 0.595460 0.508333 0.041667 0.058333
