0 0.271875 0.798958 0.075000 0.079167
0 0.334766 0.796354 0.072656 0.065625
0 0.398047 0.790625 0.071094 0.072917
0 0.460547 0.784375 0.067969 0.070833
0 0.522266 0.781771 0.063281 0.071875
0 0.582422 0.776563 0.064844 0.078125
0 0.648828 0.773958 0.067969 0.081250
0 0.707422 0.770312 0.066406 0.078125
0 0.771094 0.772396 0.064062 0.076042
0 0.835156 0.769792 0.070312 0.068750
0 0.599609 0.620833 0.057031 0.062500
0 0.653906 0.618750 0.057813 0.066667
0 0.704297 0.610938 0.061719 0.059375
0 0.756641 0.585417 0.080469 0.041667
