0 0.289801 0.763889 0.043532 0.108333
0 0.332400 0.740972 0.044154 0.095833
0 0.375311 0.720139 0.040423 0.095833
0 0.416045 0.706250 0.042289 0.095833
0 0.456157 0.691667 0.036692 0.091667
0 0.495025 0.685417 0.042289 0.095833
0 0.548507 0.543056 0.042289 0.075000
0 0.588619 0.531944 0.041667 0.063889
0 0.533893 0.665278 0.035448 0.086111
0 0.569341 0.655556 0.037935 0.086111
0 0.605100 0.640278 0.036070 0.083333
0 0.641791 0.631944 0.034826 0.077778
0 0.676306 0.618750 0.036692 0.081944
0 0.712376 0.606250 0.034204 0.081944
0 0.747201 0.588889 0.039179 0.077778
