0 0.265547 0.768056 0.053483 0.094444
0 0.312189 0.752778 0.044776 0.097222
0 0.352301 0.736806 0.044154 0.090278
0 0.394900 0.718056 0.044776 0.088889
0 0.436878 0.705556 0.040423 0.091667
0 0.476368 0.693750 0.038557 0.090278
0 0.513993 0.675694 0.036692 0.087500
0 0.551306 0.665278 0.039179 0.088889
0 0.589863 0.655556 0.035448 0.086111
0 0.626555 0.643056 0.036692 0.080556
0 0.661692 0.630556 0.037313 0.080556
0 0.695896 0.615972 0.037313 0.079167
0 0.731343 0.606944 0.036070 0.083333
0 0.517413 0.539583 0.038557 0.068056
0 0.555037 0.529861 0.037935 0.062500
