0 0.343595 0.732639 0.046642 0.095833
0 0.386816 0.720139 0.042289 0.093056
0 0.426928 0.705556 0.041667 0.086111
0 0.467040 0.690972 0.037313 0.090278
0 0.504042 0.681250 0.037935 0.087500
0 0.542600 0.668056 0.040423 0.086111
0 0.581779 0.656944 0.037935 0.080556
0 0.617848 0.645139 0.036692 0.079167
0 0.654540 0.634028 0.035448 0.084722
0 0.689677 0.622222 0.033582 0.077778
0 0.724813 0.615278 0.036692 0.080556
0 0.760572 0.605556 0.034826 0.077778
0 0.797575 0.598611 0.034204 0.077778
0 0.558147 0.539583 0.045398 0.065278
0 0.597015 0.531944 0.042289 0.069444
