0 0.288557 0.756250 0.042289 0.101389
0 0.332090 0.743056 0.043532 0.094444
0 0.375000 0.727083 0.041045 0.101389
0 0.413557 0.711806 0.041045 0.093056
0 0.455224 0.699306 0.037313 0.093056
0 0.494403 0.684722 0.038557 0.091667
0 0.532960 0.672917 0.037313 0.090278
0 0.569652 0.661111 0.036070 0.088889
0 0.608520 0.652083 0.036692 0.087500
0 0.644279 0.640278 0.036070 0.083333
0 0.680659 0.633333 0.036692 0.083333
0 0.716418 0.621528 0.038557 0.079167
0 0.751866 0.606250 0.036070 0.079167
0 0.527674 0.548611 0.040423 0.066667
0 0.564055 0.540278 0.034826 0.066667
0 0.599813 0.530556 0.045398 0.063889
