0 0.300062 0.742361 0.045398 0.090278
0 0.343595 0.729861 0.042910 0.093056
0 0.384017 0.708333 0.040423 0.091667
0 0.425995 0.697917 0.041045 0.090278
0 0.466418 0.685417 0.038557 0.090278
0 0.504353 0.677083 0.037313 0.090278
0 0.541978 0.664583 0.040423 0.081944
0 0.580535 0.652778 0.035448 0.086111
0 0.615050 0.638889 0.036070 0.083333
0 0.652052 0.629167 0.035448 0.088889
0 0.689055 0.617361 0.036070 0.087500
0 0.723881 0.611806 0.036070 0.084722
0 0.761194 0.603472 0.042289 0.081944
0 0.517413 0.536806 0.038557 0.062500
0 0.552239 0.531944 0.036070 0.066667
0 0.588308 0.522222 0.041045 0.063889
