0 0.372512 0.711806 0.042289 0.084722
0 0.412935 0.700000 0.042289 0.083333
0 0.453358 0.687500 0.038557 0.080556
0 0.492848 0.677083 0.039179 0.079167
0 0.530162 0.663889 0.039179 0.077778
0 0.567475 0.654861 0.036692 0.076389
0 0.604167 0.643750 0.036692 0.076389
0 0.641480 0.631944 0.036692 0.080556
0 0.676928 0.620833 0.034204 0.086111
0 0.712998 0.609028 0.035448 0.079167
0 0.480721 0.559722 0.038557 0.069444
0 0.516480 0.549306 0.039179 0.065278
0 0.551617 0.540278 0.034826 0.066667
0 0.582711 0.532639 0.036070 0.065278
0 0.619092 0.523611 0.042910 0.066667
