0 0.268035 0.732639 0.052239 0.093056
0 0.311256 0.719444 0.045398 0.091667
0 0.353234 0.703472 0.044776 0.090278
0 0.394590 0.690278 0.040423 0.088889
0 0.432836 0.675694 0.038557 0.093056
0 0.471704 0.664583 0.039179 0.084722
0 0.509328 0.652083 0.034826 0.079167
0 0.547575 0.639583 0.039179 0.081944
0 0.585199 0.626389 0.034826 0.080556
0 0.620025 0.616667 0.034826 0.083333
0 0.654851 0.605556 0.034826 0.075000
0 0.691231 0.602083 0.034204 0.081944
0 0.727923 0.592361 0.037935 0.079167
0 0.509017 0.534028 0.042910 0.070833
0 0.541667 0.523611 0.037313 0.066667
0 0.578047 0.515278 0.045398 0.058333
