0 0.333644 0.728472 0.046642 0.101389
0 0.377799 0.713889 0.037935 0.097222
0 0.416978 0.700694 0.040423 0.090278
0 0.455846 0.685417 0.038557 0.090278
0 0.494403 0.671528 0.037313 0.090278
0 0.532649 0.662500 0.039179 0.086111
0 0.568408 0.647917 0.038557 0.087500
0 0.607276 0.636806 0.035448 0.084722
0 0.641791 0.622222 0.034826 0.086111
0 0.679104 0.611806 0.037313 0.090278
0 0.448383 0.553472 0.039801 0.065278
0 0.483831 0.543750 0.036070 0.068056
0 0.517724 0.533333 0.037935 0.069444
0 0.553483 0.519444 0.041045 0.058333
