0 0.269590 0.752778 0.050373 0.091667
0 0.310323 0.735417 0.044776 0.095833
0 0.356032 0.722222 0.046642 0.080556
0 0.395833 0.704861 0.042910 0.079167
0 0.436878 0.695833 0.039179 0.088889
0 0.476368 0.686806 0.039801 0.090278
0 0.515547 0.668750 0.038557 0.087500
0 0.552550 0.658333 0.036692 0.080556
0 0.589552 0.644444 0.034826 0.080556
0 0.625933 0.633333 0.032960 0.080556
0 0.660448 0.622917 0.036070 0.081944
0 0.697761 0.613889 0.037313 0.080556
0 0.730100 0.604861 0.036070 0.076389
0 0.507463 0.536806 0.044776 0.065278
