0 0.331468 0.747222 0.047264 0.091667
0 0.374689 0.731250 0.045398 0.093056
0 0.413246 0.715972 0.042910 0.093056
0 0.454291 0.704861 0.041667 0.093056
0 0.493470 0.691667 0.039179 0.086111
0 0.533271 0.679167 0.039179 0.083333
0 0.570585 0.669444 0.035448 0.086111
0 0.608831 0.658333 0.037313 0.080556
0 0.645833 0.648611 0.034204 0.086111
0 0.681903 0.632639 0.036692 0.081944
0 0.716418 0.620833 0.036070 0.083333
0 0.753109 0.615972 0.039801 0.087500
0 0.787313 0.600000 0.034826 0.080556
0 0.787624 0.759722 0.047886 0.086111
0 0.539490 0.536111 0.041667 0.072222
0 0.576493 0.531250 0.034826 0.062500
0 0.610075 0.511806 0.036070 0.059722
