0 0.745025 0.581250 0.037313 0.079167
0 0.709577 0.588889 0.032338 0.086111
0 0.675995 0.600694 0.036070 0.087500
0 0.639925 0.612500 0.037313 0.086111
0 0.603545 0.621528 0.035448 0.084722
0 0.567786 0.632639 0.036070 0.087500
0 0.532027 0.645139 0.036692 0.084722
0 0.495336 0.658333 0.037935 0.088889
0 0.456468 0.668056 0.038557 0.094444
0 0.417600 0.679861 0.040423 0.090278
0 0.376244 0.689583 0.038557 0.098611
0 0.334888 0.695833 0.039179 0.100000
0 0.292289 0.711111 0.043532 0.102778
0 0.608520 0.502083 0.039179 0.070833
0 0.573383 0.509722 0.041045 0.066667
0 0.539490 0.516667 0.035448 0.061111
0 0.508706 0.529861 0.041045 0.062500
