0 0.710821 0.579167 0.036070 0.083333
0 0.677239 0.588194 0.037313 0.084722
0 0.640547 0.597917 0.033582 0.084722
0 0.607276 0.609722 0.036692 0.086111
0 0.570896 0.623611 0.036070 0.088889
0 0.534204 0.629861 0.036070 0.093056
0 0.498756 0.641667 0.036070 0.091667
0 0.460510 0.653472 0.040423 0.093056
0 0.422575 0.665972 0.036692 0.093056
0 0.381219 0.681944 0.042289 0.091667
0 0.403607 0.555556 0.037313 0.066667
0 0.439988 0.545833 0.037935 0.061111
0 0.473570 0.538194 0.037935 0.059722
0 0.506841 0.533333 0.036070 0.061111
0 0.538557 0.520833 0.038557 0.063889
0 0.571206 0.507639 0.032960 0.056944
0 0.606965 0.498611 0.044776 0.061111
