0 0.378109 0.730556 0.041045 0.100000
0 0.418532 0.720139 0.042289 0.095833
0 0.459577 0.702778 0.039801 0.094444
0 0.497823 0.694444 0.036692 0.088889
0 0.536381 0.679861 0.037935 0.090278
0 0.574938 0.670833 0.036692 0.088889
0 0.611629 0.654861 0.039179 0.084722
0 0.649565 0.647917 0.036692 0.081944
0 0.684701 0.636111 0.032338 0.080556
0 0.720149 0.618056 0.036070 0.083333
0 0.449316 0.586111 0.041667 0.066667
0 0.486318 0.577083 0.041045 0.068056
0 0.520211 0.567361 0.036692 0.068056
0 0.554415 0.556250 0.032960 0.065278
0 0.588930 0.545833 0.034826 0.061111
0 0.625000 0.536111 0.039801 0.058333
