0 0.388682 0.731944 0.041045 0.094444
0 0.428794 0.720139 0.041667 0.087500
0 0.468905 0.704167 0.039801 0.088889
0 0.508706 0.694444 0.037313 0.086111
0 0.547264 0.679861 0.037313 0.084722
0 0.584577 0.669444 0.034826 0.086111
0 0.620025 0.658333 0.036070 0.083333
0 0.659515 0.648611 0.035448 0.083333
0 0.695585 0.635417 0.037935 0.079167
0 0.731032 0.624306 0.037935 0.084722
0 0.450871 0.589583 0.038557 0.068056
0 0.486940 0.578472 0.038557 0.068056
0 0.521766 0.567361 0.036070 0.062500
0 0.555659 0.558333 0.035448 0.061111
0 0.589241 0.546528 0.035448 0.062500
0 0.625000 0.538194 0.038557 0.059722
