0 0.440609 0.508333 0.035448 0.066667
0 0.476057 0.505556 0.036692 0.069444
0 0.511194 0.497222 0.037313 0.063889
0 0.547264 0.494444 0.037313 0.063889
0 0.580846 0.488194 0.033582 0.068056
0 0.616604 0.482639 0.037935 0.059722
0 0.653607 0.477083 0.039801 0.059722
0 0.458022 0.627083 0.040423 0.087500
0 0.498445 0.620139 0.041667 0.081944
0 0.539490 0.618750 0.039179 0.081944
0 0.576803 0.611806 0.040423 0.079167
0 0.618781 0.608333 0.039801 0.086111
0 0.656716 0.600694 0.041045 0.084722
0 0.696828 0.595139 0.040423 0.081944
