0 0.259950 0.622222 0.053483 0.086111
0 0.302550 0.613194 0.046642 0.087500
0 0.346082 0.604861 0.042910 0.081944
0 0.386816 0.597222 0.041045 0.083333
0 0.425995 0.590278 0.039801 0.086111
0 0.465485 0.579861 0.037935 0.081944
0 0.504042 0.572917 0.039179 0.079167
0 0.541978 0.568056 0.037935 0.080556
0 0.579602 0.558333 0.036070 0.080556
0 0.615050 0.550000 0.034826 0.083333
0 0.652052 0.543750 0.040423 0.079167
0 0.686878 0.538889 0.035448 0.077778
0 0.724502 0.531250 0.037313 0.081944
0 0.512127 0.444444 0.036692 0.058333
