0 0.177659 0.729258 0.073372 0.093159
0 0.238252 0.719068 0.065952 0.084425
0 0.295548 0.711790 0.066777 0.084425
0 0.353256 0.697234 0.063479 0.087336
0 0.410552 0.686317 0.061006 0.082969
0 0.463726 0.677584 0.053586 0.085881
0 0.518137 0.668850 0.055235 0.085881
0 0.573784 0.661572 0.054411 0.085881
0 0.629019 0.655022 0.054411 0.084425
0 0.680132 0.649199 0.051113 0.084425
0 0.734955 0.641921 0.053586 0.084425
0 0.789777 0.633916 0.056059 0.082969
0 0.841303 0.625910 0.058533 0.087336
0 0.535862 0.521834 0.051113 0.074236
0 0.584089 0.508734 0.051937 0.065502
