0 0.233520 0.659722 0.051617 0.088889
0 0.278607 0.653472 0.050995 0.084722
0 0.324938 0.645833 0.047886 0.083333
0 0.365983 0.638194 0.040423 0.087500
0 0.408271 0.624306 0.045398 0.084722
0 0.449938 0.613889 0.039179 0.088889
0 0.489117 0.604861 0.037935 0.087500
0 0.527052 0.597222 0.039179 0.086111
0 0.566542 0.592361 0.037313 0.087500
0 0.603856 0.585417 0.037313 0.084722
0 0.643035 0.578472 0.038557 0.084722
0 0.681281 0.567361 0.040423 0.084722
0 0.717040 0.562500 0.041045 0.083333
0 0.498756 0.475694 0.036070 0.065278
