0 0.482031 0.709375 0.042188 0.058333
0 0.525391 0.707812 0.044531 0.059375
0 0.571094 0.714583 0.046875 0.064583
0 0.614453 0.716146 0.050781 0.059375
0 0.661719 0.722396 0.053125 0.061458
0 0.705078 0.721875 0.047656 0.066667
0 0.744531 0.704688 0.051562 0.061458
0 0.783203 0.705208 0.052344 0.056250
0 0.831250 0.701562 0.056250 0.053125
0 0.369922 0.904167 0.058594 0.064583
0 0.424609 0.903646 0.057031 0.065625
0 0.481250 0.902604 0.056250 0.065625
0 0.534375 0.901563 0.053125 0.063542
0 0.588672 0.900521 0.055469 0.061458
0 0.642969 0.897396 0.053125 0.063542
0 0.696875 0.899479 0.053125 0.063542
