0 0.277363 0.643056 0.052239 0.088889
0 0.323383 0.637500 0.048507 0.086111
0 0.366604 0.627083 0.044154 0.095833
0 0.407338 0.623611 0.042289 0.086111
0 0.447761 0.617361 0.038557 0.087500
0 0.488806 0.605556 0.042289 0.083333
0 0.528296 0.600000 0.036692 0.083333
0 0.567786 0.594444 0.041045 0.083333
0 0.606965 0.584028 0.038557 0.081944
0 0.643035 0.579167 0.034826 0.083333
0 0.680970 0.568750 0.036070 0.081944
0 0.716729 0.562500 0.039179 0.077778
0 0.753420 0.556250 0.037935 0.081944
0 0.533582 0.456250 0.042289 0.059722
