0 0.710821 0.590278 0.044776 0.083333
0 0.670087 0.596528 0.042910 0.084722
0 0.630597 0.599306 0.039801 0.087500
0 0.592662 0.606944 0.039801 0.083333
0 0.554104 0.614583 0.041045 0.084722
0 0.514614 0.618750 0.037935 0.087500
0 0.474813 0.626389 0.039179 0.083333
0 0.434391 0.632639 0.040423 0.093056
0 0.391480 0.643750 0.044154 0.090278
0 0.348259 0.655556 0.048507 0.097222
0 0.429104 0.508333 0.037313 0.066667
0 0.465174 0.504167 0.037313 0.066667
0 0.501866 0.497222 0.042289 0.063889
0 0.534515 0.491667 0.036692 0.061111
0 0.567786 0.486806 0.039801 0.062500
0 0.604167 0.478472 0.045398 0.059722
