0 0.263993 0.771528 0.046642 0.090278
0 0.311878 0.756250 0.050373 0.090278
0 0.357898 0.736806 0.049129 0.093056
0 0.399254 0.720139 0.047264 0.087500
0 0.441853 0.706944 0.040423 0.086111
0 0.481654 0.696528 0.037935 0.087500
0 0.598570 0.658333 0.035448 0.086111
0 0.638060 0.647222 0.039801 0.080556
0 0.674440 0.635417 0.035448 0.081944
0 0.713308 0.624306 0.039801 0.076389
0 0.486629 0.561111 0.040423 0.069444
0 0.521766 0.550694 0.041045 0.065278
0 0.558769 0.543750 0.035448 0.073611
0 0.592351 0.532639 0.034204 0.068056
0 0.629353 0.520833 0.041045 0.069444
