0 0.387990 0.574510 0.092157 0.055556
0 0.477451 0.571732 0.084804 0.054575
0 0.550980 0.555392 0.063725 0.069608
0 0.612745 0.554412 0.066176 0.074183
0 0.676838 0.553268 0.075245 0.076471
0 0.168627 0.778268 0.093137 0.083987
0 0.251961 0.771569 0.089706 0.081699
0 0.333578 0.766340 0.088235 0.083660
0 0.409191 0.764542 0.084069 0.082680
0 0.484804 0.759641 0.075000 0.083987
0 0.564828 0.755392 0.075245 0.085948
0 0.641299 0.750490 0.082598 0.082680
0 0.716054 0.750490 0.080147 0.080719
0 0.796446 0.744444 0.082598 0.081699
0 0.867525 0.746078 0.084069 0.083007
