0 0.308147 0.755556 0.049129 0.091667
0 0.350124 0.739583 0.043532 0.087500
0 0.391791 0.721528 0.043532 0.090278
0 0.434391 0.707639 0.039179 0.087500
0 0.473570 0.697917 0.039179 0.084722
0 0.512438 0.682639 0.037313 0.087500
0 0.549440 0.667361 0.036692 0.090278
0 0.585821 0.654167 0.036070 0.080556
0 0.625000 0.647917 0.036070 0.087500
0 0.660759 0.633333 0.036692 0.077778
0 0.696517 0.620139 0.032338 0.076389
0 0.729167 0.608333 0.037935 0.083333
0 0.768657 0.599306 0.039801 0.081944
0 0.541356 0.547917 0.037935 0.065278
0 0.578980 0.534028 0.047264 0.065278
