0 0.528918 0.463194 0.042910 0.062500
0 0.266480 0.628472 0.054104 0.084722
0 0.309080 0.624306 0.048507 0.084722
0 0.350124 0.614583 0.042289 0.087500
0 0.393968 0.608333 0.045398 0.086111
0 0.434080 0.598611 0.039801 0.086111
0 0.474502 0.592361 0.041045 0.084722
0 0.513371 0.586111 0.039179 0.083333
0 0.550684 0.579167 0.035448 0.083333
0 0.590174 0.572917 0.038557 0.084722
0 0.627177 0.566667 0.039179 0.080556
0 0.665734 0.561111 0.037935 0.077778
0 0.703980 0.555556 0.038557 0.083333
0 0.739739 0.549306 0.039179 0.081944
