0 0.491294 0.497222 0.037313 0.063889
0 0.527985 0.492361 0.039801 0.065278
0 0.256530 0.665278 0.054104 0.091667
0 0.302550 0.659028 0.044154 0.090278
0 0.346704 0.649306 0.044154 0.084722
0 0.388060 0.643056 0.043532 0.083333
0 0.430348 0.633333 0.041045 0.086111
0 0.471704 0.625694 0.042910 0.081944
0 0.512127 0.622917 0.040423 0.081944
0 0.552550 0.618056 0.040423 0.077778
0 0.591729 0.607639 0.037935 0.084722
0 0.631219 0.599306 0.038557 0.079167
0 0.667600 0.590972 0.035448 0.076389
0 0.704602 0.587500 0.038557 0.086111
0 0.744092 0.579167 0.036692 0.086111
