0 0.381841 0.491667 0.037313 0.063889
0 0.417910 0.486806 0.033582 0.065278
0 0.451803 0.481944 0.035448 0.063889
0 0.486318 0.475694 0.036070 0.059722
0 0.519279 0.471528 0.034826 0.062500
0 0.553172 0.463889 0.036692 0.061111
0 0.587376 0.459722 0.035448 0.061111
0 0.623134 0.450694 0.041045 0.054167
0 0.402363 0.614583 0.042289 0.084722
0 0.444030 0.606250 0.042289 0.081944
0 0.484142 0.600694 0.039179 0.084722
0 0.524565 0.595139 0.040423 0.079167
0 0.563122 0.588889 0.036692 0.080556
0 0.599813 0.583333 0.037935 0.080556
0 0.639925 0.576389 0.039801 0.080556
