0 0.855469 0.712500 0.054688 0.066667
0 0.285938 0.895312 0.062500 0.063542
0 0.340234 0.896875 0.064844 0.064583
0 0.396094 0.900000 0.062500 0.064583
0 0.450781 0.892708 0.057813 0.060417
0 0.505469 0.895312 0.056250 0.059375
0 0.559766 0.895833 0.053906 0.064583
0 0.614453 0.901042 0.053906 0.064583
0 0.667188 0.900521 0.053125 0.061458
0 0.723047 0.904167 0.053906 0.064583
0 0.777344 0.903646 0.054688 0.059375
0 0.830469 0.897396 0.048438 0.061458
0 0.884766 0.901563 0.058594 0.059375
0 0.941797 0.906771 0.060156 0.063542
