0 0.321517 0.645139 0.042289 0.087500
0 0.365983 0.640278 0.045398 0.088889
0 0.408271 0.635417 0.042910 0.084722
0 0.450249 0.622917 0.043532 0.081944
0 0.490361 0.621528 0.041667 0.084722
0 0.530784 0.611806 0.036692 0.084722
0 0.570585 0.604861 0.041667 0.084722
0 0.607898 0.597917 0.037935 0.084722
0 0.647699 0.595139 0.039179 0.081944
0 0.686878 0.587500 0.037935 0.083333
0 0.722948 0.582639 0.034204 0.081944
0 0.759639 0.575000 0.037935 0.075000
0 0.794776 0.564583 0.039801 0.081944
0 0.548818 0.481944 0.037935 0.061111
0 0.586132 0.478472 0.041667 0.059722
