0 0.286070 0.636111 0.048507 0.088889
0 0.327736 0.626389 0.042289 0.086111
0 0.371269 0.615278 0.043532 0.086111
0 0.412313 0.604167 0.041045 0.080556
0 0.452425 0.594444 0.039179 0.083333
0 0.492226 0.590278 0.039179 0.083333
0 0.531405 0.584028 0.037935 0.079167
0 0.569030 0.575000 0.037313 0.080556
0 0.537935 0.457639 0.042289 0.059722
0 0.606965 0.570139 0.036070 0.084722
0 0.645211 0.564583 0.037935 0.081944
0 0.680970 0.559722 0.037313 0.077778
0 0.715796 0.552778 0.037313 0.083333
0 0.752488 0.545139 0.038557 0.079167
