0 0.492848 0.475694 0.035448 0.056944
0 0.527052 0.468750 0.034204 0.059722
0 0.559701 0.465278 0.034826 0.058333
0 0.595460 0.458333 0.039179 0.058333
0 0.375311 0.613194 0.045398 0.084722
0 0.416356 0.609028 0.040423 0.084722
0 0.456468 0.597917 0.038557 0.087500
0 0.495025 0.593056 0.039801 0.083333
0 0.535448 0.584722 0.037313 0.083333
0 0.573072 0.580556 0.039179 0.077778
0 0.612251 0.575000 0.039179 0.075000
0 0.649876 0.571528 0.037313 0.076389
0 0.688122 0.565278 0.040423 0.080556
0 0.723570 0.556944 0.039179 0.080556
