0 0.428172 0.606250 0.042910 0.076389
0 0.464863 0.597222 0.037935 0.077778
0 0.502177 0.590972 0.039179 0.076389
0 0.541045 0.581250 0.038557 0.079167
0 0.575249 0.572917 0.037313 0.079167
0 0.610386 0.564583 0.034204 0.076389
0 0.649876 0.552778 0.046020 0.069444
0 0.341107 0.787500 0.050373 0.091667
0 0.385261 0.775000 0.044154 0.086111
0 0.428794 0.763889 0.045398 0.094444
0 0.472948 0.750000 0.042910 0.086111
0 0.514925 0.736806 0.042289 0.084722
0 0.556592 0.725000 0.039801 0.083333
0 0.597015 0.712500 0.039801 0.088889
0 0.637749 0.703472 0.041667 0.084722
0 0.677550 0.692361 0.041667 0.081944
0 0.716107 0.681944 0.039179 0.083333
