0 0.300995 0.810417 0.049751 0.098611
0 0.347015 0.787500 0.046020 0.091667
0 0.391480 0.779167 0.042910 0.094444
0 0.435012 0.759028 0.041667 0.090278
0 0.476679 0.747917 0.040423 0.087500
0 0.518346 0.735417 0.042910 0.087500
0 0.559391 0.719444 0.039179 0.086111
0 0.600124 0.711111 0.039801 0.088889
0 0.639303 0.700694 0.037313 0.090278
0 0.678483 0.686111 0.041045 0.080556
0 0.717040 0.676389 0.037313 0.080556
0 0.753731 0.665278 0.041045 0.083333
0 0.792289 0.654861 0.038557 0.084722
0 0.542600 0.600000 0.039179 0.083333
0 0.585510 0.581944 0.049129 0.066667
