0 0.325560 0.652778 0.042910 0.086111
0 0.365050 0.643056 0.041045 0.080556
0 0.404851 0.630556 0.039801 0.086111
0 0.444963 0.618056 0.041667 0.077778
0 0.480721 0.609722 0.038557 0.083333
0 0.516480 0.595833 0.035448 0.077778
0 0.553172 0.588194 0.041667 0.073611
0 0.589241 0.575694 0.035448 0.076389
0 0.628420 0.563889 0.044154 0.066667
0 0.345149 0.797222 0.049751 0.094444
0 0.390547 0.782639 0.043532 0.087500
0 0.434391 0.769444 0.042910 0.086111
0 0.476057 0.756944 0.041667 0.088889
0 0.518346 0.745833 0.037935 0.083333
0 0.560634 0.733333 0.041667 0.083333
0 0.600435 0.720139 0.039179 0.087500
0 0.641480 0.711806 0.040423 0.084722
0 0.680659 0.699306 0.036692 0.084722
0 0.719838 0.683333 0.037935 0.086111
