0 0.563672 0.747396 0.047656 0.057292
0 0.607031 0.750521 0.048438 0.057292
0 0.651563 0.748437 0.050000 0.059375
0 0.694531 0.743750 0.050000 0.058333
0 0.250781 0.959375 0.062500 0.058333
0 0.307812 0.953125 0.060937 0.056250
0 0.361328 0.948958 0.055469 0.054167
0 0.415234 0.943229 0.053906 0.048958
0 0.468359 0.934896 0.055469 0.059375
0 0.520312 0.931771 0.051562 0.063542
0 0.572656 0.929688 0.056250 0.053125
0 0.623047 0.922917 0.052344 0.058333
0 0.671875 0.915625 0.050000 0.060417
0 0.721484 0.910937 0.052344 0.061458
