0 0.445896 0.643750 0.042289 0.076389
0 0.486629 0.636806 0.040423 0.073611
0 0.524254 0.626389 0.037313 0.077778
0 0.563433 0.614583 0.041045 0.068056
0 0.597948 0.604167 0.037935 0.066667
0 0.634017 0.596528 0.036692 0.070833
0 0.671020 0.586111 0.042289 0.069444
0 0.709266 0.576389 0.040423 0.072222
0 0.466107 0.767361 0.042910 0.093056
0 0.508396 0.756250 0.042910 0.084722
0 0.550995 0.745833 0.042289 0.088889
0 0.592973 0.736111 0.041667 0.086111
0 0.634639 0.726389 0.044154 0.086111
0 0.674129 0.715278 0.039801 0.083333
0 0.714863 0.705556 0.039179 0.083333
