0 0.263993 0.810417 0.052861 0.090278
0 0.310634 0.795833 0.054104 0.086111
0 0.355721 0.784722 0.044776 0.091667
0 0.400498 0.768750 0.043532 0.090278
0 0.444341 0.751389 0.041667 0.091667
0 0.486629 0.736806 0.041667 0.095833
0 0.528296 0.727083 0.040423 0.087500
0 0.521144 0.580556 0.049751 0.077778
0 0.569030 0.716667 0.042289 0.080556
0 0.609764 0.702778 0.037935 0.077778
0 0.648010 0.692361 0.046020 0.090278
0 0.687811 0.680556 0.037313 0.088889
0 0.727301 0.669444 0.041667 0.086111
0 0.764925 0.661111 0.039801 0.086111
