0 0.251244 0.845139 0.053483 0.093056
0 0.301617 0.808333 0.050995 0.086111
0 0.346082 0.789583 0.049129 0.090278
0 0.392102 0.769444 0.044154 0.094444
0 0.435945 0.752778 0.044776 0.088889
0 0.477612 0.740278 0.041045 0.086111
0 0.519900 0.727083 0.041045 0.081944
0 0.560634 0.712500 0.037935 0.088889
0 0.599502 0.696528 0.041045 0.084722
0 0.636816 0.682639 0.039801 0.087500
0 0.676306 0.670833 0.040423 0.086111
0 0.716418 0.660417 0.039801 0.081944
0 0.753420 0.648611 0.040423 0.088889
0 0.520211 0.573611 0.049129 0.077778
