0 0.287624 0.846528 0.055348 0.095833
0 0.336132 0.830556 0.051617 0.088889
0 0.382152 0.807639 0.049129 0.095833
0 0.424751 0.791667 0.044776 0.091667
0 0.469216 0.778472 0.044154 0.087500
0 0.511194 0.761806 0.042289 0.090278
0 0.554726 0.752778 0.042289 0.091667
0 0.595771 0.739583 0.042289 0.087500
0 0.634328 0.720833 0.039801 0.088889
0 0.674751 0.708333 0.041045 0.086111
0 0.581779 0.596528 0.056592 0.079167
0 0.712998 0.693750 0.037935 0.084722
0 0.752177 0.684722 0.041667 0.088889
0 0.792600 0.675000 0.040423 0.083333
