0 0.249378 0.791667 0.050995 0.094444
0 0.296953 0.781250 0.049129 0.090278
0 0.341418 0.768750 0.044776 0.090278
0 0.387127 0.750694 0.047886 0.084722
0 0.431281 0.738889 0.045398 0.088889
0 0.472326 0.724306 0.044154 0.084722
0 0.512749 0.712500 0.037935 0.088889
0 0.553794 0.706250 0.042910 0.095833
0 0.592973 0.692361 0.037935 0.090278
0 0.632463 0.680556 0.044776 0.088889
0 0.672886 0.670833 0.042289 0.088889
0 0.498445 0.563889 0.040423 0.083333
0 0.539179 0.554861 0.048507 0.073611
0 0.711443 0.659722 0.036070 0.088889
0 0.749067 0.649306 0.039179 0.084722
