0 0.399876 0.643750 0.041045 0.079167
0 0.439677 0.633333 0.041045 0.075000
0 0.478856 0.626389 0.039801 0.083333
0 0.515858 0.614583 0.045398 0.076389
0 0.553794 0.603472 0.037935 0.073611
0 0.591418 0.592361 0.038557 0.070833
0 0.628731 0.584722 0.041045 0.069444
0 0.669154 0.573611 0.046020 0.066667
0 0.444341 0.772917 0.045398 0.090278
0 0.488184 0.763194 0.043532 0.093056
0 0.530162 0.748611 0.040423 0.083333
0 0.570585 0.734722 0.037935 0.080556
0 0.612251 0.723611 0.040423 0.088889
0 0.652363 0.709722 0.041045 0.083333
0 0.692786 0.695833 0.038557 0.086111
