0 0.255908 0.804167 0.055348 0.094444
0 0.303794 0.786111 0.051617 0.088889
0 0.347948 0.772917 0.045398 0.090278
0 0.392102 0.757639 0.045398 0.087500
0 0.436567 0.745139 0.042289 0.084722
0 0.476990 0.731250 0.039801 0.087500
0 0.517413 0.715278 0.041045 0.083333
0 0.559080 0.706944 0.041045 0.083333
0 0.599813 0.695139 0.035448 0.081944
0 0.638060 0.685417 0.037313 0.084722
0 0.676928 0.669444 0.037935 0.083333
0 0.714863 0.659722 0.040423 0.083333
0 0.753731 0.651389 0.041045 0.088889
0 0.513682 0.575000 0.041045 0.069444
0 0.552861 0.564583 0.043532 0.076389
