0 0.422266 0.642708 0.046094 0.056250
0 0.466797 0.641146 0.046094 0.051042
0 0.510156 0.643750 0.043750 0.054167
0 0.552344 0.641667 0.045312 0.050000
0 0.593750 0.642188 0.045312 0.053125
0 0.641016 0.645312 0.047656 0.057292
0 0.315625 0.862500 0.060937 0.068750
0 0.371875 0.864583 0.059375 0.062500
0 0.427734 0.863021 0.053906 0.063542
0 0.483984 0.863542 0.057031 0.066667
0 0.539844 0.863542 0.053125 0.062500
0 0.593359 0.863542 0.055469 0.068750
0 0.648828 0.860938 0.053906 0.063542
0 0.702344 0.860417 0.056250 0.064583
0 0.755469 0.861979 0.057813 0.065625
0 0.809766 0.861979 0.061719 0.061458
