0 0.234142 0.854861 0.055348 0.087500
0 0.283582 0.834722 0.052239 0.086111
0 0.330224 0.819444 0.049751 0.080556
0 0.375622 0.796528 0.046020 0.090278
0 0.419776 0.781250 0.042289 0.087500
0 0.462687 0.769444 0.043532 0.094444
0 0.506530 0.757639 0.041667 0.084722
0 0.548507 0.744444 0.041045 0.086111
0 0.588930 0.733333 0.039801 0.083333
0 0.629664 0.724306 0.039179 0.081944
0 0.670398 0.713889 0.039801 0.086111
0 0.710510 0.703472 0.041667 0.087500
0 0.749689 0.690972 0.040423 0.087500
0 0.539801 0.606944 0.043532 0.077778
0 0.580846 0.597222 0.046020 0.072222
