0 0.313744 0.666667 0.044154 0.086111
0 0.356654 0.656250 0.042910 0.087500
0 0.397699 0.644444 0.041667 0.080556
0 0.437811 0.635417 0.041045 0.076389
0 0.475746 0.625694 0.041045 0.073611
0 0.513682 0.615278 0.041045 0.069444
0 0.550373 0.606250 0.038557 0.065278
0 0.586443 0.597222 0.036070 0.072222
0 0.621891 0.590972 0.039801 0.070833
0 0.661692 0.580556 0.041045 0.072222
0 0.701182 0.571528 0.041667 0.070833
0 0.404229 0.779167 0.046020 0.091667
0 0.449627 0.767361 0.042289 0.084722
0 0.493159 0.754861 0.042289 0.084722
0 0.533582 0.740278 0.042289 0.083333
0 0.575249 0.731250 0.039801 0.084722
0 0.615361 0.720833 0.039179 0.083333
0 0.656405 0.711111 0.040423 0.083333
