0 0.272699 0.821528 0.052861 0.093056
0 0.319652 0.794444 0.052239 0.086111
0 0.366294 0.781250 0.046020 0.090278
0 0.409515 0.765278 0.044154 0.088889
0 0.451803 0.746528 0.041667 0.087500
0 0.495025 0.736806 0.042289 0.084722
0 0.535759 0.715278 0.037935 0.088889
0 0.574627 0.701389 0.039801 0.083333
0 0.614739 0.693056 0.036692 0.080556
0 0.653296 0.681250 0.039179 0.079167
0 0.693097 0.673611 0.039179 0.088889
0 0.732587 0.661111 0.039801 0.091667
0 0.769590 0.653472 0.039179 0.084722
0 0.513993 0.570833 0.045398 0.072222
