0 0.451493 0.721528 0.038557 0.098611
0 0.490672 0.713194 0.041045 0.093056
0 0.532027 0.697917 0.039179 0.076389
0 0.570896 0.691667 0.038557 0.083333
0 0.610386 0.678472 0.036692 0.076389
0 0.650808 0.667361 0.040423 0.081944
0 0.689366 0.659722 0.037935 0.086111
0 0.401741 0.600000 0.039801 0.075000
0 0.439677 0.590278 0.039801 0.072222
0 0.476679 0.581944 0.040423 0.072222
0 0.512438 0.571528 0.036070 0.068056
0 0.548197 0.564583 0.039179 0.070833
0 0.582711 0.554861 0.036070 0.065278
0 0.619714 0.547222 0.040423 0.069444
0 0.657960 0.536111 0.042289 0.063889
