0 0.246891 0.798611 0.053483 0.088889
0 0.294154 0.786111 0.052239 0.088889
0 0.339241 0.772222 0.045398 0.091667
0 0.382774 0.757639 0.045398 0.090278
0 0.426617 0.744444 0.043532 0.083333
0 0.469216 0.736806 0.042910 0.087500
0 0.511816 0.721528 0.039801 0.084722
0 0.551306 0.708333 0.040423 0.088889
0 0.590485 0.698611 0.039179 0.083333
0 0.631219 0.691667 0.039801 0.086111
0 0.672264 0.681250 0.037313 0.084722
0 0.711443 0.670833 0.039801 0.083333
0 0.748445 0.661111 0.035448 0.086111
0 0.510261 0.575000 0.047886 0.075000
