0 0.134746 0.914634 0.066102 0.110976
0 0.201483 0.915549 0.067373 0.112805
0 0.266737 0.916463 0.061441 0.114634
0 0.333263 0.916463 0.067373 0.114634
0 0.400000 0.915549 0.066102 0.112805
0 0.468008 0.914634 0.064831 0.114634
0 0.533475 0.916463 0.066102 0.114634
0 0.598941 0.916463 0.064831 0.110976
0 0.666314 0.918293 0.069915 0.114634
0 0.733475 0.915549 0.064407 0.116463
0 0.799364 0.915549 0.064831 0.116463
0 0.119068 0.775610 0.027119 0.041463
0 0.151483 0.774695 0.030085 0.035976
0 0.185805 0.777439 0.033475 0.034146
