0 0.334266 0.750000 0.049129 0.086111
0 0.378731 0.740278 0.041045 0.083333
0 0.421020 0.731944 0.043532 0.086111
0 0.463930 0.724306 0.041045 0.084722
0 0.505286 0.713889 0.041667 0.083333
0 0.547575 0.696528 0.040423 0.084722
0 0.587065 0.683333 0.036070 0.083333
0 0.625622 0.672917 0.037313 0.081944
0 0.664801 0.663194 0.039801 0.081944
0 0.702114 0.651389 0.038557 0.083333
0 0.464863 0.577083 0.042910 0.070833
0 0.503420 0.569444 0.040423 0.069444
0 0.538246 0.561806 0.039179 0.068056
0 0.572761 0.551389 0.038557 0.061111
0 0.610075 0.540972 0.044776 0.062500
