0 0.294465 0.800694 0.052861 0.087500
0 0.340796 0.787500 0.048507 0.088889
0 0.385883 0.772222 0.044154 0.088889
0 0.428794 0.762500 0.044154 0.088889
0 0.472015 0.748611 0.044776 0.091667
0 0.513371 0.737500 0.041667 0.086111
0 0.555037 0.724306 0.040423 0.087500
0 0.595460 0.711806 0.041667 0.090278
0 0.634639 0.697222 0.037935 0.088889
0 0.674440 0.689583 0.040423 0.084722
0 0.714552 0.679167 0.038557 0.086111
0 0.755286 0.668056 0.042910 0.086111
0 0.793221 0.660417 0.039179 0.081944
0 0.529540 0.582639 0.039179 0.073611
0 0.566853 0.571528 0.036692 0.070833
0 0.606654 0.563889 0.044154 0.069444
