0 0.291356 0.850000 0.054104 0.088889
0 0.340174 0.836111 0.048507 0.091667
0 0.384639 0.809722 0.049129 0.091667
0 0.430659 0.798611 0.042910 0.083333
0 0.473570 0.783333 0.042910 0.088889
0 0.514925 0.755556 0.041045 0.083333
0 0.556592 0.741667 0.041045 0.088889
0 0.598259 0.742361 0.043532 0.090278
0 0.640858 0.736806 0.040423 0.084722
0 0.679726 0.713889 0.039801 0.083333
0 0.718905 0.702778 0.039801 0.086111
0 0.757774 0.689583 0.039179 0.084722
0 0.797575 0.684028 0.046642 0.090278
0 0.558147 0.602083 0.047886 0.073611
