0 0.348259 0.752083 0.047264 0.087500
0 0.392102 0.740278 0.044154 0.083333
0 0.434701 0.731944 0.042289 0.086111
0 0.476368 0.718056 0.041045 0.086111
0 0.517102 0.713889 0.040423 0.086111
0 0.557525 0.700694 0.041667 0.084722
0 0.598881 0.690278 0.039801 0.086111
0 0.637127 0.677778 0.036692 0.086111
0 0.677861 0.670139 0.039801 0.084722
0 0.717040 0.661806 0.042289 0.081944
0 0.464241 0.591667 0.041667 0.075000
0 0.501244 0.581250 0.039801 0.076389
0 0.538868 0.574306 0.039179 0.079167
0 0.574938 0.563194 0.041667 0.076389
0 0.609764 0.554861 0.039179 0.073611
