0 0.434080 0.800000 0.043532 0.088889
0 0.476057 0.787500 0.040423 0.091667
0 0.517413 0.775694 0.042289 0.084722
0 0.559391 0.766667 0.040423 0.086111
0 0.600435 0.757639 0.039179 0.084722
0 0.641791 0.744444 0.041045 0.083333
0 0.681592 0.739583 0.039801 0.084722
0 0.720771 0.726389 0.038557 0.080556
0 0.757774 0.719444 0.036692 0.080556
0 0.798818 0.714583 0.044154 0.087500
0 0.531716 0.632639 0.043532 0.073611
0 0.570896 0.624306 0.039801 0.076389
0 0.606343 0.615278 0.037313 0.080556
0 0.643035 0.606944 0.039801 0.077778
0 0.680970 0.594444 0.041045 0.072222
