0 0.295087 0.827083 0.052861 0.084722
0 0.342040 0.810417 0.049751 0.095833
0 0.385572 0.794444 0.046020 0.094444
0 0.427239 0.775694 0.043532 0.090278
0 0.469527 0.765972 0.043532 0.090278
0 0.513060 0.754861 0.039801 0.090278
0 0.552550 0.740278 0.036692 0.086111
0 0.591418 0.732639 0.041045 0.081944
0 0.632463 0.721528 0.039801 0.081944
0 0.670398 0.709722 0.041045 0.086111
0 0.711132 0.704861 0.037935 0.087500
0 0.748134 0.688889 0.037313 0.083333
0 0.786070 0.681944 0.039801 0.083333
0 0.519279 0.606250 0.042289 0.068056
0 0.554726 0.597222 0.042289 0.069444
0 0.594527 0.590972 0.042289 0.068056
