0 0.281716 0.813194 0.049751 0.093056
0 0.327114 0.799306 0.047264 0.090278
0 0.371891 0.785417 0.044776 0.090278
0 0.413557 0.770833 0.042289 0.086111
0 0.456157 0.758333 0.044154 0.088889
0 0.498134 0.747917 0.039801 0.093056
0 0.537935 0.739583 0.038557 0.087500
0 0.579913 0.728472 0.040423 0.084722
0 0.619403 0.719444 0.038557 0.080556
0 0.657027 0.709028 0.037935 0.081944
0 0.697139 0.700694 0.041045 0.084722
0 0.734764 0.694444 0.037935 0.083333
0 0.772077 0.684028 0.040423 0.081944
0 0.536070 0.588889 0.043532 0.069444
