0 0.291045 0.802778 0.050995 0.094444
0 0.337065 0.790278 0.046020 0.091667
0 0.381530 0.776389 0.045398 0.091667
0 0.424129 0.766667 0.042289 0.094444
0 0.466107 0.753472 0.041667 0.093056
0 0.506841 0.744444 0.041045 0.091667
0 0.548197 0.734722 0.041667 0.088889
0 0.588930 0.726389 0.037313 0.088889
0 0.628420 0.718056 0.040423 0.086111
0 0.668221 0.706944 0.040423 0.088889
0 0.706468 0.697917 0.037313 0.084722
0 0.544154 0.587500 0.042289 0.061111
0 0.581157 0.579167 0.042910 0.066667
0 0.742226 0.688889 0.039179 0.086111
0 0.778607 0.675000 0.037313 0.086111
