0 0.321517 0.846528 0.047264 0.095833
0 0.367226 0.820833 0.045398 0.088889
0 0.410759 0.802778 0.045398 0.094444
0 0.454913 0.789583 0.044154 0.095833
0 0.496580 0.779861 0.042910 0.090278
0 0.537624 0.767361 0.041667 0.084722
0 0.577736 0.756250 0.039801 0.084722
0 0.557525 0.613889 0.042910 0.077778
0 0.599502 0.604861 0.043532 0.073611
0 0.618781 0.740972 0.039801 0.087500
0 0.657649 0.730556 0.040423 0.080556
0 0.699627 0.723611 0.042289 0.086111
0 0.738495 0.718056 0.041667 0.086111
0 0.777985 0.709722 0.038557 0.077778
0 0.817164 0.699306 0.039801 0.081944
