0 0.434701 0.761111 0.041045 0.088889
0 0.475124 0.748611 0.043532 0.088889
0 0.516480 0.740972 0.039179 0.084722
0 0.526430 0.610417 0.042910 0.070833
0 0.563122 0.600000 0.036692 0.069444
0 0.598570 0.594444 0.036692 0.069444
0 0.634017 0.586806 0.036692 0.065278
0 0.672575 0.576389 0.044154 0.066667
0 0.557525 0.728472 0.039179 0.084722
0 0.596393 0.720139 0.037313 0.084722
0 0.636194 0.711806 0.038557 0.087500
0 0.676617 0.705556 0.039801 0.083333
0 0.714552 0.697222 0.041045 0.086111
0 0.753109 0.688889 0.042289 0.080556
0 0.792600 0.682639 0.039179 0.081944
