0 0.321828 0.769444 0.049129 0.086111
0 0.366294 0.754861 0.046020 0.093056
0 0.406716 0.740972 0.043532 0.090278
0 0.449005 0.730556 0.042289 0.088889
0 0.490050 0.722917 0.043532 0.087500
0 0.529851 0.715972 0.041045 0.087500
0 0.569652 0.704861 0.039801 0.084722
0 0.608831 0.697222 0.039801 0.086111
0 0.647077 0.686806 0.039179 0.090278
0 0.685634 0.679861 0.040423 0.087500
0 0.722948 0.665972 0.039179 0.081944
0 0.760261 0.664583 0.039179 0.079167
0 0.799129 0.657639 0.041045 0.090278
0 0.540423 0.575000 0.043532 0.066667
0 0.572761 0.571528 0.036070 0.070833
0 0.611940 0.561806 0.046020 0.068056
