0 0.360386 0.784028 0.046642 0.084722
0 0.404851 0.769444 0.044776 0.086111
0 0.447761 0.761111 0.043532 0.088889
0 0.489428 0.751389 0.041045 0.088889
0 0.529540 0.742361 0.041667 0.090278
0 0.570896 0.734722 0.039801 0.088889
0 0.610697 0.726389 0.041045 0.083333
0 0.651119 0.720833 0.039801 0.091667
0 0.689988 0.712500 0.039179 0.086111
0 0.729789 0.702778 0.039179 0.083333
0 0.767724 0.693056 0.037935 0.080556
0 0.802550 0.686806 0.036692 0.081944
0 0.842351 0.682639 0.041667 0.081944
0 0.606965 0.581944 0.048507 0.063889
