0 0.359764 0.773611 0.047886 0.088889
0 0.402674 0.761111 0.044154 0.086111
0 0.446206 0.750000 0.041667 0.091667
0 0.488184 0.734722 0.041045 0.091667
0 0.527363 0.727778 0.039801 0.088889
0 0.566542 0.717361 0.038557 0.087500
0 0.606032 0.705556 0.040423 0.088889
0 0.645211 0.695139 0.039179 0.090278
0 0.683458 0.686111 0.039801 0.088889
0 0.722326 0.679167 0.039179 0.083333
0 0.452114 0.609028 0.039801 0.070833
0 0.489117 0.601389 0.039179 0.066667
0 0.524565 0.592361 0.039179 0.065278
0 0.560323 0.583333 0.041045 0.066667
0 0.594527 0.574306 0.033582 0.068056
0 0.631841 0.565972 0.044776 0.062500
