0 0.429726 0.759028 0.043532 0.093056
0 0.471082 0.748611 0.040423 0.091667
0 0.512749 0.739583 0.041667 0.090278
0 0.555659 0.734722 0.041667 0.086111
0 0.594838 0.720833 0.039179 0.086111
0 0.634328 0.715278 0.039801 0.088889
0 0.673818 0.706944 0.039179 0.083333
0 0.712998 0.697222 0.039179 0.080556
0 0.750933 0.690972 0.036692 0.081944
0 0.787624 0.683333 0.039179 0.083333
0 0.548818 0.591667 0.042910 0.069444
0 0.583955 0.586111 0.039801 0.069444
0 0.620647 0.578472 0.041045 0.068056
0 0.661692 0.572917 0.043532 0.068056
