0 0.320585 0.787500 0.047886 0.091667
0 0.366294 0.775000 0.047264 0.091667
0 0.407027 0.761111 0.042910 0.086111
0 0.449627 0.749306 0.043532 0.090278
0 0.490983 0.735417 0.040423 0.090278
0 0.530784 0.725000 0.039179 0.091667
0 0.570896 0.715278 0.041045 0.086111
0 0.611007 0.708333 0.039179 0.086111
0 0.648321 0.699306 0.040423 0.081944
0 0.687189 0.690278 0.039801 0.086111
0 0.724192 0.681250 0.040423 0.081944
0 0.762127 0.672222 0.041667 0.080556
0 0.798818 0.663194 0.039179 0.079167
0 0.589552 0.587500 0.048507 0.066667
