0 0.429104 0.628472 0.041045 0.073611
0 0.466107 0.620139 0.037935 0.068056
0 0.504353 0.611806 0.041045 0.068056
0 0.540112 0.603472 0.040423 0.068056
0 0.574005 0.595833 0.039801 0.066667
0 0.609453 0.585417 0.039801 0.068056
0 0.643657 0.575000 0.041045 0.061111
0 0.679415 0.567361 0.037935 0.070833
0 0.718595 0.558333 0.044154 0.075000
0 0.496269 0.740278 0.038557 0.091667
0 0.535448 0.730556 0.039801 0.086111
0 0.574938 0.722222 0.040423 0.083333
0 0.615672 0.713194 0.041045 0.081944
0 0.654540 0.706250 0.039179 0.087500
0 0.691853 0.693056 0.040423 0.080556
0 0.731032 0.686806 0.040423 0.076389
