0 0.462687 0.631250 0.038557 0.073611
0 0.499378 0.625000 0.039801 0.072222
0 0.536692 0.618056 0.039801 0.072222
0 0.571517 0.611111 0.038557 0.069444
0 0.609453 0.605556 0.039801 0.072222
0 0.647699 0.595833 0.041667 0.072222
0 0.685634 0.588889 0.037935 0.072222
0 0.720771 0.582639 0.044776 0.070833
0 0.759328 0.575000 0.049751 0.072222
0 0.500622 0.748611 0.039801 0.091667
0 0.541045 0.739583 0.041045 0.087500
0 0.581779 0.729167 0.040423 0.086111
0 0.623756 0.724306 0.041045 0.090278
0 0.664801 0.716667 0.042289 0.086111
0 0.704602 0.711111 0.039801 0.086111
0 0.745958 0.702778 0.042910 0.083333
