0 0.437109 0.707292 0.044531 0.060417
0 0.480859 0.707292 0.044531 0.056250
0 0.524219 0.706250 0.045312 0.054167
0 0.565234 0.702604 0.046094 0.061458
0 0.609375 0.701562 0.051562 0.055208
0 0.316797 0.925521 0.060156 0.059375
0 0.372656 0.923438 0.056250 0.057292
0 0.426953 0.925000 0.055469 0.058333
0 0.482422 0.926562 0.052344 0.057292
0 0.537109 0.923958 0.053906 0.052083
0 0.590625 0.923958 0.053125 0.056250
0 0.642969 0.922917 0.051562 0.052083
0 0.694531 0.921354 0.053125 0.051042
0 0.747266 0.919271 0.050781 0.051042
0 0.798047 0.916667 0.053906 0.052083
