0 0.300684 0.809028 0.050373 0.084722
0 0.342662 0.794444 0.047264 0.083333
0 0.386505 0.781250 0.045398 0.084722
0 0.429104 0.763194 0.044776 0.093056
0 0.470149 0.751389 0.042289 0.088889
0 0.510572 0.737500 0.041045 0.088889
0 0.552861 0.729167 0.038557 0.086111
0 0.592973 0.722917 0.040423 0.087500
0 0.632463 0.710417 0.039801 0.084722
0 0.672886 0.699306 0.039801 0.090278
0 0.711754 0.686806 0.039179 0.087500
0 0.749067 0.675694 0.039179 0.079167
0 0.788246 0.665972 0.041667 0.084722
0 0.551306 0.590972 0.039179 0.076389
0 0.589863 0.580556 0.044154 0.075000
