0 0.337065 0.777083 0.047264 0.090278
0 0.379353 0.770833 0.044776 0.088889
0 0.422264 0.761806 0.044776 0.087500
0 0.464241 0.761111 0.042910 0.094444
0 0.504975 0.734028 0.041045 0.095833
0 0.545709 0.728472 0.040423 0.093056
0 0.584888 0.709722 0.040423 0.088889
0 0.624689 0.701389 0.039179 0.088889
0 0.664490 0.691667 0.040423 0.086111
0 0.703047 0.679167 0.039179 0.086111
0 0.741915 0.667361 0.042289 0.087500
0 0.780162 0.657639 0.041667 0.084722
0 0.819341 0.647917 0.040423 0.081944
0 0.586132 0.564583 0.046642 0.065278
0 0.623134 0.557639 0.047264 0.073611
