0 0.480100 0.580556 0.036070 0.069444
0 0.516480 0.570139 0.037935 0.065278
0 0.550995 0.561111 0.033582 0.066667
0 0.587687 0.550694 0.042289 0.065278
0 0.349813 0.766667 0.046642 0.094444
0 0.393657 0.754167 0.044776 0.091667
0 0.434391 0.740972 0.042910 0.090278
0 0.474192 0.726389 0.040423 0.094444
0 0.513993 0.713194 0.037935 0.090278
0 0.553483 0.703472 0.039801 0.087500
0 0.593284 0.692361 0.038557 0.084722
0 0.633085 0.682639 0.038557 0.087500
0 0.670087 0.670833 0.037935 0.086111
0 0.709266 0.661806 0.040423 0.090278
