0 0.360386 0.746528 0.042910 0.087500
0 0.402052 0.733333 0.041667 0.088889
0 0.442475 0.722917 0.040423 0.093056
0 0.483520 0.712500 0.040423 0.091667
0 0.523321 0.702083 0.039179 0.090278
0 0.562500 0.688194 0.039179 0.090278
0 0.601057 0.677083 0.039179 0.090278
0 0.639925 0.667361 0.039801 0.090278
0 0.678172 0.656250 0.037935 0.087500
0 0.716729 0.645833 0.039179 0.088889
0 0.405162 0.601389 0.039179 0.069444
0 0.440920 0.589583 0.037313 0.065278
0 0.477612 0.579167 0.037313 0.063889
0 0.512749 0.566667 0.034204 0.063889
0 0.546642 0.560417 0.034826 0.065278
0 0.584577 0.548611 0.042289 0.061111
