0 0.284826 0.748611 0.047264 0.086111
0 0.327736 0.734722 0.046020 0.088889
0 0.369092 0.720833 0.042910 0.088889
0 0.410137 0.708333 0.042910 0.086111
0 0.449938 0.697917 0.040423 0.087500
0 0.487562 0.684028 0.041045 0.087500
0 0.526741 0.675000 0.039801 0.088889
0 0.565920 0.662500 0.037313 0.086111
0 0.604478 0.651389 0.037313 0.088889
0 0.641169 0.641667 0.037313 0.088889
0 0.678483 0.634722 0.037313 0.086111
0 0.717662 0.622917 0.038557 0.087500
0 0.755908 0.616667 0.039179 0.086111
0 0.544154 0.545833 0.038557 0.069444
0 0.583955 0.536111 0.046020 0.063889
