0 0.054326 0.793996 0.100604 0.109731
0 0.149899 0.779503 0.106640 0.126294
0 0.237425 0.749482 0.096579 0.107660
0 0.319920 0.722567 0.076459 0.099379
0 0.395372 0.702899 0.070423 0.101449
0 0.469819 0.678054 0.070423 0.113872
0 0.536217 0.657350 0.066398 0.101449
0 0.598592 0.638716 0.062374 0.105590
0 0.661972 0.623188 0.064386 0.091097
0 0.718310 0.608696 0.056338 0.095238
0 0.774648 0.583851 0.056338 0.095238
0 0.830986 0.573499 0.060362 0.095238
0 0.885312 0.554865 0.056338 0.095238
0 0.641851 0.816770 0.112676 0.080745
0 0.731388 0.790890 0.114688 0.082816
