0 0.446546 0.510854 0.042763 0.063676
0 0.490132 0.507236 0.044408 0.062229
0 0.533306 0.506512 0.045230 0.063676
0 0.573602 0.504342 0.041941 0.062229
0 0.613898 0.500724 0.050164 0.060781
0 0.657484 0.496382 0.050164 0.057887
0 0.349918 0.647612 0.055099 0.079595
0 0.399671 0.641823 0.050987 0.079595
0 0.449424 0.638205 0.048520 0.081042
0 0.498355 0.632417 0.049342 0.081042
0 0.546053 0.626628 0.047697 0.078148
0 0.594161 0.623734 0.050164 0.078148
0 0.640625 0.622287 0.050987 0.075253
0 0.687089 0.619392 0.050164 0.075253
0 0.731086 0.616498 0.047697 0.078148
0 0.780428 0.612156 0.049342 0.078148
