0 0.360697 0.770139 0.044776 0.093056
0 0.403607 0.755556 0.043532 0.091667
0 0.444963 0.737500 0.041667 0.088889
0 0.485075 0.726389 0.039801 0.094444
0 0.525187 0.711111 0.040423 0.088889
0 0.564988 0.700694 0.039179 0.087500
0 0.604167 0.690972 0.037935 0.087500
0 0.641791 0.676389 0.038557 0.086111
0 0.681903 0.669444 0.041667 0.086111
0 0.722326 0.661111 0.040423 0.086111
0 0.761505 0.654861 0.040423 0.084722
0 0.800062 0.649306 0.037935 0.084722
0 0.839863 0.643056 0.039179 0.086111
0 0.557836 0.565278 0.038557 0.066667
0 0.592973 0.554167 0.035448 0.058333
0 0.632152 0.544444 0.041667 0.061111
