0 0.443408 0.736806 0.041045 0.093056
0 0.483520 0.724306 0.041667 0.095833
0 0.509017 0.583333 0.037935 0.069444
0 0.543532 0.572917 0.037313 0.068056
0 0.580224 0.562500 0.041045 0.063889
0 0.614739 0.550000 0.036692 0.063889
0 0.650187 0.542361 0.036692 0.068056
0 0.687500 0.531944 0.042910 0.066667
0 0.523943 0.715972 0.040423 0.090278
0 0.564055 0.705556 0.039801 0.086111
0 0.602612 0.692361 0.038557 0.084722
0 0.643035 0.683333 0.038557 0.086111
0 0.680659 0.676389 0.039179 0.086111
0 0.720771 0.665278 0.038557 0.080556
0 0.759950 0.653472 0.038557 0.087500
0 0.797575 0.641667 0.037935 0.083333
