0 0.336754 0.781944 0.051617 0.088889
0 0.378420 0.765972 0.045398 0.090278
0 0.421953 0.754861 0.044154 0.087500
0 0.462065 0.744444 0.042289 0.094444
0 0.503109 0.733333 0.039801 0.094444
0 0.544154 0.723611 0.039801 0.083333
0 0.583955 0.713889 0.039801 0.083333
0 0.623756 0.702778 0.038557 0.083333
0 0.661692 0.690972 0.036070 0.087500
0 0.702425 0.680556 0.039179 0.086111
0 0.741915 0.670833 0.037313 0.086111
0 0.780473 0.662500 0.044776 0.080556
0 0.820585 0.653472 0.037935 0.087500
0 0.558458 0.573611 0.038557 0.063889
0 0.598259 0.560417 0.042289 0.062500
