0 0.383085 0.792361 0.044776 0.095833
0 0.427239 0.782639 0.044776 0.090278
0 0.468284 0.770833 0.042289 0.086111
0 0.509017 0.758333 0.042910 0.086111
0 0.550995 0.747222 0.041045 0.083333
0 0.591729 0.736111 0.040423 0.086111
0 0.631530 0.727083 0.040423 0.084722
0 0.672264 0.719444 0.039801 0.086111
0 0.710199 0.704861 0.038557 0.084722
0 0.750933 0.697917 0.040423 0.087500
0 0.791045 0.688889 0.039801 0.086111
0 0.645522 0.940972 0.043532 0.095833
0 0.689055 0.909028 0.044776 0.084722
0 0.571206 0.600694 0.037935 0.073611
0 0.612251 0.585417 0.046642 0.065278
