0 0.426617 0.672917 0.039801 0.084722
0 0.464863 0.664583 0.040423 0.081944
0 0.502799 0.652083 0.039179 0.081944
0 0.539179 0.645833 0.034826 0.077778
0 0.575560 0.636806 0.039179 0.076389
0 0.614117 0.626389 0.039179 0.075000
0 0.652363 0.620833 0.037313 0.072222
0 0.691853 0.609722 0.045398 0.072222
0 0.459266 0.810417 0.042910 0.090278
0 0.501244 0.799306 0.043532 0.087500
0 0.543843 0.786806 0.041667 0.093056
0 0.585510 0.776389 0.042910 0.088889
0 0.628420 0.769444 0.041667 0.091667
0 0.670709 0.759028 0.044154 0.087500
0 0.712687 0.752778 0.042289 0.091667
