0 0.336754 0.745833 0.040423 0.086111
0 0.378420 0.732639 0.042910 0.084722
0 0.419465 0.722917 0.040423 0.087500
0 0.459888 0.713194 0.041667 0.087500
0 0.500000 0.701389 0.039801 0.088889
0 0.539179 0.693750 0.041045 0.087500
0 0.579291 0.685417 0.040423 0.084722
0 0.530162 0.600694 0.037935 0.068056
0 0.565920 0.595139 0.037313 0.068056
0 0.604789 0.589583 0.040423 0.068056
0 0.620025 0.674306 0.039801 0.081944
0 0.656716 0.665972 0.041045 0.087500
0 0.692786 0.656250 0.037313 0.084722
0 0.730100 0.645139 0.044776 0.079167
0 0.769279 0.635417 0.039801 0.079167
0 0.807214 0.627778 0.043532 0.075000
