0 0.445896 0.605556 0.039801 0.075000
0 0.484764 0.597222 0.037935 0.069444
0 0.521144 0.588889 0.036070 0.069444
0 0.556281 0.579167 0.035448 0.066667
0 0.592351 0.570833 0.036692 0.066667
0 0.628109 0.561111 0.042289 0.063889
0 0.373445 0.776389 0.044154 0.094444
0 0.416356 0.765278 0.041667 0.094444
0 0.458333 0.750694 0.043532 0.087500
0 0.499067 0.743056 0.040423 0.086111
0 0.540112 0.734028 0.042910 0.087500
0 0.580535 0.722222 0.039179 0.088889
0 0.620958 0.714583 0.040423 0.090278
0 0.661070 0.700000 0.039801 0.083333
0 0.700249 0.695139 0.039801 0.087500
0 0.738806 0.685417 0.043532 0.084722
