0 0.374067 0.693056 0.039179 0.086111
0 0.413246 0.679167 0.040423 0.077778
0 0.453047 0.666667 0.040423 0.072222
0 0.491915 0.656944 0.038557 0.075000
0 0.529229 0.646528 0.038557 0.073611
0 0.567164 0.638194 0.039801 0.076389
0 0.604478 0.627778 0.041045 0.069444
0 0.641791 0.621528 0.041045 0.068056
0 0.677861 0.612500 0.042289 0.066667
0 0.718595 0.603472 0.046642 0.068056
0 0.451803 0.792361 0.042910 0.090278
0 0.493781 0.786111 0.041045 0.086111
0 0.535759 0.775694 0.042910 0.087500
0 0.578047 0.764583 0.041667 0.084722
0 0.619092 0.755556 0.042910 0.088889
0 0.661381 0.746528 0.041667 0.087500
0 0.700871 0.737500 0.043532 0.086111
