0 0.408984 0.806771 0.061719 0.073958
0 0.464062 0.803646 0.059375 0.076042
0 0.514062 0.802083 0.051562 0.072917
0 0.562500 0.800000 0.048438 0.064583
0 0.609766 0.798958 0.047656 0.075000
0 0.654297 0.792708 0.041406 0.070833
0 0.697266 0.791667 0.042969 0.068750
0 0.741016 0.789583 0.039844 0.066667
0 0.778516 0.790104 0.041406 0.073958
0 0.819141 0.792188 0.046094 0.069792
0 0.520312 0.681771 0.056250 0.046875
0 0.562500 0.680729 0.046875 0.048958
0 0.605078 0.682813 0.042969 0.053125
0 0.641797 0.686458 0.039844 0.052083
0 0.684375 0.683333 0.054688 0.043750
