0 0.487873 0.599306 0.039179 0.073611
0 0.523943 0.590278 0.035448 0.072222
0 0.562500 0.581250 0.042910 0.068056
0 0.243159 0.795139 0.053483 0.090278
0 0.289490 0.784028 0.049129 0.090278
0 0.333644 0.770139 0.045398 0.090278
0 0.376555 0.759722 0.041667 0.091667
0 0.416978 0.748611 0.042910 0.094444
0 0.458644 0.738889 0.042910 0.088889
0 0.498445 0.729167 0.040423 0.088889
0 0.538557 0.718056 0.041045 0.086111
0 0.578047 0.706944 0.039179 0.086111
0 0.617537 0.695833 0.038557 0.086111
0 0.656716 0.684722 0.039801 0.086111
0 0.694963 0.677083 0.039179 0.084722
0 0.734453 0.667361 0.041045 0.084722
