0 0.351679 0.820833 0.047886 0.086111
0 0.394900 0.801389 0.048507 0.086111
0 0.437811 0.790278 0.044776 0.091667
0 0.481965 0.781944 0.042289 0.091667
0 0.523010 0.764583 0.039801 0.084722
0 0.564677 0.755556 0.041045 0.086111
0 0.605100 0.744444 0.039801 0.088889
0 0.645522 0.731944 0.039801 0.086111
0 0.685012 0.722917 0.041667 0.087500
0 0.724502 0.713194 0.039801 0.087500
0 0.763993 0.701389 0.037935 0.088889
0 0.803794 0.693056 0.037935 0.088889
0 0.842662 0.683333 0.039801 0.086111
0 0.519900 0.628472 0.042289 0.076389
0 0.556592 0.619444 0.034826 0.075000
0 0.592973 0.606944 0.037935 0.072222
0 0.630597 0.601389 0.039801 0.075000
0 0.669776 0.591667 0.041045 0.072222
