0 0.462998 0.650000 0.039179 0.072222
0 0.499378 0.640278 0.037313 0.072222
0 0.536381 0.632639 0.036692 0.073611
0 0.574316 0.623611 0.040423 0.069444
0 0.611318 0.616667 0.034826 0.072222
0 0.648321 0.606944 0.039179 0.066667
0 0.686256 0.600000 0.039179 0.066667
0 0.719216 0.592361 0.035448 0.065278
0 0.760572 0.581250 0.046020 0.065278
0 0.450249 0.781250 0.043532 0.084722
0 0.491915 0.771528 0.041045 0.081944
0 0.532960 0.763194 0.041045 0.084722
0 0.574627 0.750694 0.039801 0.081944
0 0.614428 0.740278 0.039801 0.083333
0 0.655473 0.729167 0.039801 0.088889
0 0.695585 0.720833 0.040423 0.086111
0 0.734764 0.713889 0.042910 0.083333
0 0.775808 0.703472 0.041667 0.084722
0 0.815299 0.697222 0.038557 0.083333
