0 0.374378 0.793750 0.046020 0.084722
0 0.418532 0.785417 0.043532 0.084722
0 0.460510 0.775000 0.044154 0.086111
0 0.502799 0.766667 0.040423 0.088889
0 0.543843 0.756250 0.041667 0.087500
0 0.585510 0.745833 0.040423 0.086111
0 0.626555 0.736111 0.041667 0.088889
0 0.667289 0.725694 0.039801 0.087500
0 0.707400 0.718056 0.040423 0.086111
0 0.747512 0.710417 0.038557 0.087500
0 0.478856 0.631250 0.039801 0.073611
0 0.518035 0.622917 0.041045 0.073611
0 0.555659 0.613194 0.035448 0.068056
0 0.591729 0.606250 0.040423 0.070833
0 0.629353 0.596528 0.043532 0.070833
