0 0.386816 0.778472 0.046020 0.090278
0 0.430037 0.768056 0.042910 0.086111
0 0.471393 0.752778 0.041045 0.086111
0 0.511816 0.740278 0.039801 0.086111
0 0.551617 0.729167 0.039801 0.088889
0 0.592662 0.718750 0.039801 0.087500
0 0.632152 0.711111 0.040423 0.088889
0 0.635883 0.563889 0.050373 0.072222
0 0.672886 0.704861 0.041045 0.087500
0 0.711132 0.698611 0.040423 0.086111
0 0.752799 0.689583 0.039179 0.087500
0 0.791045 0.681250 0.041045 0.084722
0 0.831157 0.672222 0.037935 0.086111
0 0.869403 0.664583 0.039801 0.084722
