0 0.321206 0.809028 0.047886 0.084722
0 0.366294 0.796528 0.046020 0.087500
0 0.409826 0.777778 0.043532 0.088889
0 0.452114 0.769444 0.041045 0.088889
0 0.492848 0.757639 0.041667 0.087500
0 0.534204 0.747222 0.041045 0.086111
0 0.574316 0.736806 0.037935 0.087500
0 0.614428 0.727083 0.041045 0.087500
0 0.654540 0.718056 0.039179 0.086111
0 0.694030 0.704167 0.038557 0.088889
0 0.428794 0.627083 0.040423 0.073611
0 0.466418 0.619444 0.036070 0.072222
0 0.501555 0.610417 0.037935 0.068056
0 0.538246 0.602083 0.036692 0.065278
0 0.575560 0.591667 0.039179 0.061111
