0 0.482587 0.635417 0.039801 0.073611
0 0.518346 0.626389 0.041667 0.069444
0 0.555659 0.618056 0.035448 0.072222
0 0.592040 0.608333 0.038557 0.069444
0 0.634017 0.600694 0.046642 0.070833
0 0.354478 0.825000 0.047264 0.088889
0 0.398632 0.811806 0.043532 0.087500
0 0.441542 0.797222 0.042289 0.086111
0 0.485075 0.785417 0.042289 0.090278
0 0.526741 0.779167 0.041045 0.091667
0 0.568719 0.767361 0.041667 0.084722
0 0.611007 0.758333 0.041667 0.080556
0 0.652052 0.751389 0.039179 0.083333
0 0.693097 0.739583 0.040423 0.090278
0 0.735075 0.734722 0.041045 0.086111
