0 0.347326 0.775000 0.047886 0.086111
0 0.389925 0.766667 0.043532 0.088889
0 0.432525 0.754167 0.040423 0.086111
0 0.474192 0.744444 0.042910 0.086111
0 0.515236 0.734028 0.039179 0.087500
0 0.555348 0.724306 0.039801 0.081944
0 0.595771 0.713889 0.041045 0.083333
0 0.635261 0.706944 0.039179 0.083333
0 0.674751 0.694444 0.042289 0.086111
0 0.715485 0.688194 0.040423 0.084722
0 0.401119 0.615278 0.037313 0.069444
0 0.438122 0.606250 0.036692 0.065278
0 0.473570 0.596528 0.035448 0.065278
0 0.508706 0.590278 0.033582 0.066667
0 0.545087 0.580556 0.040423 0.061111
0 0.583644 0.570833 0.039179 0.061111
