0 0.519279 0.600694 0.042289 0.068056
0 0.556592 0.592361 0.042289 0.062500
0 0.591729 0.581250 0.037935 0.059722
0 0.629975 0.571528 0.042289 0.059722
0 0.426928 0.775694 0.042910 0.084722
0 0.468905 0.764583 0.042289 0.087500
0 0.510261 0.751389 0.040423 0.088889
0 0.550995 0.738194 0.039801 0.084722
0 0.592040 0.727778 0.041045 0.083333
0 0.632463 0.718056 0.039801 0.083333
0 0.671953 0.707639 0.039179 0.087500
0 0.712998 0.704167 0.041667 0.086111
0 0.751866 0.694444 0.039801 0.083333
0 0.791667 0.686111 0.039801 0.088889
