0 0.389453 0.651042 0.063281 0.087500
0 0.451172 0.650000 0.061719 0.077083
0 0.511719 0.647917 0.062500 0.087500
0 0.572266 0.646354 0.061719 0.080208
0 0.633203 0.646875 0.069531 0.077083
0 0.164453 0.870833 0.096094 0.091667
0 0.246875 0.871875 0.082812 0.091667
0 0.322656 0.867188 0.084375 0.082292
0 0.400391 0.867188 0.078906 0.084375
0 0.477344 0.867708 0.081250 0.081250
0 0.556641 0.869792 0.074219 0.083333
0 0.630859 0.866667 0.074219 0.085417
0 0.704688 0.868229 0.070312 0.082292
0 0.779297 0.869792 0.072656 0.085417
0 0.850391 0.870313 0.071094 0.080208
