0 0.453906 0.747917 0.050000 0.054167
0 0.165625 0.901563 0.059375 0.069792
0 0.218359 0.904687 0.052344 0.067708
0 0.500781 0.749479 0.043750 0.055208
0 0.267188 0.902083 0.056250 0.068750
0 0.322266 0.898958 0.060156 0.068750
0 0.374219 0.900521 0.059375 0.065625
0 0.426563 0.898438 0.056250 0.067708
0 0.480469 0.895833 0.057813 0.064583
0 0.535547 0.895833 0.055469 0.064583
0 0.590625 0.895312 0.057813 0.069792
0 0.644141 0.895312 0.057031 0.069792
0 0.699219 0.891667 0.053125 0.072917
0 0.756250 0.893229 0.057813 0.071875
0 0.811328 0.891146 0.057031 0.071875
