0 0.209375 0.762500 0.093750 0.093750
0 0.288281 0.760417 0.087500 0.087500
0 0.371094 0.763542 0.081250 0.091667
0 0.451562 0.762500 0.078125 0.089583
0 0.531641 0.761979 0.078906 0.092708
0 0.610156 0.760938 0.076563 0.094792
0 0.689063 0.760938 0.084375 0.090625
0 0.764062 0.761979 0.082812 0.090625
0 0.842187 0.764583 0.075000 0.087500
0 0.922266 0.764583 0.083594 0.085417
0 0.344141 0.562500 0.074219 0.068750
0 0.412109 0.567187 0.061719 0.067708
0 0.476953 0.562500 0.063281 0.064583
0 0.551172 0.575521 0.089844 0.053125
0 0.637891 0.575521 0.089844 0.048958
0 0.708203 0.570312 0.072656 0.069792
0 0.780859 0.568229 0.072656 0.073958
