0 0.179297 0.883333 0.080469 0.079167
0 0.252344 0.888542 0.073438 0.081250
0 0.323047 0.891146 0.071094 0.078125
0 0.393359 0.892188 0.074219 0.076042
0 0.463672 0.890625 0.067969 0.072917
0 0.533984 0.888021 0.072656 0.078125
0 0.605469 0.887500 0.067187 0.081250
0 0.674219 0.888542 0.067187 0.083333
0 0.742969 0.890104 0.064062 0.088542
0 0.812500 0.890625 0.064062 0.085417
0 0.433984 0.686979 0.058594 0.073958
0 0.490234 0.691667 0.052344 0.070833
0 0.546484 0.688021 0.058594 0.067708
0 0.607422 0.694792 0.063281 0.072917
