0 0.275391 0.826562 0.067969 0.067708
0 0.333984 0.825521 0.064844 0.069792
0 0.392969 0.824479 0.060937 0.067708
0 0.450000 0.826042 0.059375 0.066667
0 0.510156 0.826562 0.056250 0.069792
0 0.565625 0.826562 0.057813 0.065625
0 0.623047 0.826562 0.057031 0.067708
0 0.679297 0.825521 0.060156 0.067708
0 0.736328 0.827083 0.053906 0.068750
0 0.795312 0.828125 0.060937 0.070833
0 0.462891 0.665625 0.049219 0.056250
0 0.511719 0.666667 0.048438 0.056250
0 0.558984 0.664062 0.047656 0.057292
0 0.606641 0.667188 0.047656 0.055208
