0 0.444922 0.660417 0.049219 0.056250
0 0.492188 0.659896 0.043750 0.057292
0 0.537891 0.660937 0.046094 0.059375
0 0.583594 0.662500 0.046875 0.056250
0 0.281641 0.797396 0.061719 0.059375
0 0.335938 0.797917 0.057813 0.060417
0 0.388281 0.800000 0.056250 0.064583
0 0.441406 0.801562 0.050000 0.063542
0 0.493750 0.802083 0.051562 0.060417
0 0.545312 0.805208 0.051562 0.060417
0 0.599609 0.806771 0.052344 0.061458
0 0.652344 0.807292 0.054688 0.064583
0 0.703516 0.810937 0.052344 0.063542
0 0.759375 0.813542 0.054688 0.062500
