0 0.183601 0.844974 0.074866 0.119250
0 0.251783 0.835605 0.075758 0.100511
0 0.311943 0.823680 0.067736 0.100511
0 0.373440 0.814310 0.062389 0.098807
0 0.434938 0.799830 0.060606 0.103918
0 0.494207 0.793015 0.059715 0.097104
0 0.554367 0.782794 0.057041 0.103918
0 0.615865 0.773424 0.060606 0.098807
0 0.672460 0.767462 0.063280 0.097104
0 0.729055 0.755537 0.065954 0.107325
0 0.786096 0.746167 0.060606 0.105622
0 0.841355 0.741056 0.060606 0.105622
0 0.903743 0.730835 0.064171 0.102215
0 0.554367 0.616695 0.057041 0.085179
0 0.606061 0.609881 0.062389 0.074957
