0 0.381557 0.793919 0.060914 0.097973
0 0.437817 0.778716 0.054992 0.111486
0 0.493655 0.770270 0.054992 0.097973
0 0.549069 0.761824 0.052453 0.101351
0 0.601523 0.758446 0.052453 0.101351
0 0.654822 0.749155 0.054146 0.103041
0 0.711506 0.739020 0.060914 0.106419
0 0.334602 0.641047 0.051607 0.089527
0 0.384941 0.633446 0.047377 0.087838
0 0.434433 0.625845 0.051607 0.086149
0 0.480964 0.616554 0.049915 0.087838
0 0.527073 0.608108 0.050761 0.087838
0 0.573604 0.602196 0.050761 0.082770
0 0.618866 0.596284 0.049915 0.091216
0 0.670051 0.582770 0.059222 0.081081
