0 0.359961 0.745573 0.086328 0.088021
0 0.437109 0.737240 0.081250 0.090104
0 0.515234 0.733073 0.075000 0.085938
0 0.592187 0.738802 0.077344 0.086979
0 0.889258 0.501563 0.086328 0.063542
0 0.829492 0.498958 0.078516 0.066667
0 0.776172 0.500260 0.068750 0.069271
0 0.714258 0.507031 0.068359 0.070312
0 0.654102 0.511198 0.060547 0.070312
0 0.599414 0.517448 0.066016 0.074479
0 0.488281 0.483594 0.089063 0.064062
0 0.416602 0.534115 0.062109 0.073438
0 0.354687 0.532031 0.066406 0.071354
0 0.291406 0.532552 0.068750 0.074479
0 0.225195 0.544792 0.066797 0.086458
0 0.158984 0.550260 0.068750 0.077604
0 0.084766 0.558073 0.076563 0.080729
