0 0.286871 0.777778 0.077338 0.095679
0 0.348022 0.770833 0.070144 0.084877
0 0.411421 0.756173 0.065647 0.095679
0 0.472122 0.744599 0.061151 0.094136
0 0.532374 0.737654 0.061151 0.095679
0 0.593076 0.729938 0.062050 0.095679
0 0.654676 0.726080 0.062950 0.091049
0 0.712680 0.717593 0.065647 0.092593
0 0.772482 0.706019 0.062950 0.094136
0 0.830935 0.702160 0.066547 0.095679
0 0.678507 0.560185 0.065647 0.077160
0 0.622302 0.567130 0.061151 0.069444
0 0.572392 0.577160 0.063849 0.067901
0 0.522032 0.585648 0.060252 0.072531
0 0.468076 0.591821 0.058453 0.078704
