0 0.333333 0.557516 0.071078 0.078431
0 0.400368 0.557026 0.064461 0.077451
0 0.466544 0.548366 0.062990 0.068627
0 0.240564 0.691013 0.089951 0.083987
0 0.319853 0.695425 0.086765 0.086275
0 0.394240 0.695425 0.076716 0.086275
0 0.466912 0.695915 0.073529 0.087255
0 0.543750 0.696569 0.076716 0.085948
0 0.618873 0.697549 0.081863 0.090523
0 0.695711 0.698693 0.085049 0.088235
0 0.769608 0.697059 0.085784 0.083007
0 0.851961 0.701634 0.083333 0.084967
0 0.926961 0.699837 0.086275 0.085948
0 0.836275 0.525980 0.073529 0.069608
0 0.770466 0.518954 0.074265 0.075163
