0 0.428922 0.471569 0.067647 0.069935
0 0.486887 0.480882 0.059559 0.066340
0 0.545221 0.483007 0.060539 0.064052
0 0.082108 0.681699 0.086765 0.091503
0 0.162990 0.680719 0.076961 0.084967
0 0.236887 0.679575 0.084069 0.082680
0 0.311765 0.677941 0.078431 0.083987
0 0.381495 0.674837 0.082598 0.088235
0 0.453431 0.673693 0.077451 0.085948
0 0.526961 0.671895 0.071078 0.084967
0 0.599265 0.673039 0.075000 0.087255
0 0.667525 0.674673 0.079167 0.085948
0 0.740686 0.674673 0.078431 0.079412
0 0.811275 0.674183 0.075980 0.080392
0 0.883578 0.672549 0.072059 0.081699
0 0.958824 0.673203 0.082353 0.086928
