0 0.116789 0.711765 0.079167 0.088235
0 0.191176 0.708497 0.080882 0.083660
0 0.264338 0.704575 0.075245 0.084967
0 0.332598 0.703595 0.075980 0.084967
0 0.396201 0.700327 0.072794 0.086928
0 0.495466 0.533660 0.066912 0.060784
0 0.465686 0.695425 0.069608 0.083660
0 0.532721 0.693301 0.064461 0.085948
0 0.598897 0.690523 0.067892 0.083007
0 0.664216 0.690523 0.069608 0.083007
0 0.727941 0.688889 0.074510 0.083660
0 0.793137 0.687255 0.073529 0.083007
0 0.859436 0.684477 0.069363 0.079412
0 0.925613 0.682843 0.067892 0.082680
