0 0.223039 0.831699 0.089216 0.081699
0 0.297059 0.825654 0.073529 0.076144
0 0.366912 0.825000 0.075980 0.077451
0 0.439216 0.824510 0.073529 0.076471
0 0.508578 0.822876 0.072059 0.073203
0 0.580025 0.820098 0.069363 0.074183
0 0.650368 0.817974 0.069363 0.073856
0 0.720588 0.819118 0.069608 0.074183
0 0.788358 0.821242 0.074265 0.071895
0 0.858333 0.819118 0.078431 0.076144
0 0.501593 0.550000 0.053186 0.056863
0 0.553922 0.548856 0.052941 0.056536
0 0.605392 0.548366 0.052941 0.055556
0 0.664706 0.557190 0.063725 0.055556
