0 0.494092 0.544444 0.037935 0.072222
0 0.531095 0.538194 0.042289 0.073611
0 0.568719 0.535417 0.040423 0.079167
0 0.608520 0.523611 0.047886 0.072222
0 0.726990 0.646528 0.046020 0.093056
0 0.685323 0.651389 0.044776 0.097222
0 0.641169 0.656944 0.044776 0.094444
0 0.598570 0.663194 0.041667 0.090278
0 0.556281 0.672222 0.042910 0.091667
0 0.511816 0.677778 0.042289 0.091667
0 0.468595 0.683333 0.041667 0.094444
0 0.423507 0.692361 0.042289 0.095833
0 0.377799 0.702083 0.044154 0.101389
0 0.331468 0.711111 0.044776 0.102778
