0 0.390547 0.572222 0.039801 0.080556
0 0.430659 0.564583 0.039179 0.079167
0 0.469216 0.559722 0.039179 0.075000
0 0.507463 0.549306 0.037313 0.070833
0 0.546331 0.541667 0.037935 0.069444
0 0.583333 0.537500 0.039801 0.072222
0 0.620025 0.532639 0.042289 0.070833
0 0.659204 0.526389 0.041045 0.072222
0 0.697139 0.520139 0.038557 0.076389
0 0.736007 0.513889 0.039179 0.077778
0 0.770833 0.509028 0.044154 0.065278
0 0.806903 0.499306 0.041667 0.068056
0 0.527363 0.672222 0.044776 0.088889
0 0.570585 0.669444 0.041667 0.088889
0 0.614428 0.663889 0.044776 0.083333
0 0.657338 0.661806 0.047264 0.084722
