0 0.233209 0.702083 0.055970 0.087500
0 0.282960 0.693750 0.050995 0.090278
0 0.327114 0.681944 0.042289 0.097222
0 0.370958 0.666667 0.041667 0.100000
0 0.416978 0.656250 0.042910 0.095833
0 0.459888 0.653472 0.040423 0.095833
0 0.503109 0.643750 0.042289 0.090278
0 0.544776 0.636806 0.041045 0.087500
0 0.587065 0.629167 0.039801 0.091667
0 0.627799 0.620833 0.042910 0.094444
0 0.669154 0.613194 0.039801 0.087500
0 0.708955 0.608333 0.041045 0.086111
0 0.750622 0.600694 0.039801 0.084722
0 0.505597 0.503472 0.039801 0.065278
0 0.543843 0.493056 0.037935 0.063889
