0 0.276430 0.745139 0.057836 0.093056
0 0.324627 0.737500 0.050995 0.086111
0 0.372512 0.722917 0.050995 0.087500
0 0.417289 0.714583 0.048507 0.081944
0 0.462376 0.704861 0.045398 0.087500
0 0.505597 0.696528 0.043532 0.081944
0 0.549129 0.690278 0.042289 0.083333
0 0.594216 0.679167 0.042910 0.088889
0 0.637438 0.672222 0.043532 0.086111
0 0.680659 0.664583 0.045398 0.087500
0 0.723881 0.657639 0.041045 0.087500
0 0.766791 0.652083 0.039801 0.087500
0 0.808458 0.645139 0.046020 0.087500
0 0.548197 0.543056 0.041667 0.072222
0 0.588930 0.535417 0.044776 0.073611
