0 0.348570 0.551389 0.040423 0.075000
0 0.388371 0.546528 0.037935 0.073611
0 0.428483 0.540972 0.039801 0.073611
0 0.465485 0.535417 0.034204 0.076389
0 0.502799 0.527778 0.036692 0.069444
0 0.539179 0.522917 0.034826 0.073611
0 0.576182 0.518056 0.037935 0.072222
0 0.613806 0.512500 0.036070 0.072222
0 0.654851 0.504167 0.046020 0.063889
0 0.648943 0.645139 0.044154 0.090278
0 0.389614 0.687500 0.044154 0.094444
0 0.434391 0.681944 0.041667 0.094444
0 0.477612 0.676389 0.042289 0.091667
0 0.520211 0.666667 0.041667 0.086111
0 0.563433 0.659028 0.042289 0.090278
0 0.606343 0.651389 0.043532 0.086111
