0 0.278296 0.735417 0.046642 0.093056
0 0.324627 0.718056 0.044776 0.097222
0 0.371580 0.707639 0.044154 0.093056
0 0.416978 0.700000 0.042910 0.086111
0 0.460199 0.690278 0.042289 0.088889
0 0.504042 0.683333 0.041667 0.086111
0 0.548197 0.672917 0.044154 0.090278
0 0.592040 0.668056 0.044776 0.088889
0 0.635883 0.663889 0.044154 0.088889
0 0.679415 0.657639 0.044154 0.084722
0 0.721082 0.650694 0.046642 0.087500
0 0.763993 0.646528 0.047886 0.087500
0 0.804726 0.641667 0.050995 0.080556
0 0.572761 0.530556 0.053483 0.077778
