0 0.348881 0.730556 0.048507 0.102778
0 0.396144 0.720833 0.044776 0.097222
0 0.443719 0.713194 0.044154 0.093056
0 0.487562 0.702778 0.044776 0.094444
0 0.532338 0.695139 0.044776 0.095833
0 0.576493 0.687500 0.042289 0.091667
0 0.620025 0.679167 0.043532 0.088889
0 0.663246 0.673611 0.046642 0.086111
0 0.706468 0.666667 0.048507 0.088889
0 0.751555 0.656944 0.046642 0.086111
0 0.682525 0.523611 0.054104 0.080556
0 0.638682 0.527083 0.043532 0.073611
0 0.603234 0.536806 0.041045 0.073611
0 0.567164 0.542361 0.042289 0.076389
0 0.532027 0.548611 0.045398 0.075000
0 0.492848 0.554861 0.042910 0.076389
0 0.453669 0.560417 0.041667 0.076389
