0 0.773010 0.631250 0.043532 0.093056
0 0.728856 0.638889 0.043532 0.091667
0 0.688433 0.643056 0.046020 0.086111
0 0.644279 0.656944 0.041045 0.088889
0 0.600435 0.661806 0.044154 0.090278
0 0.559080 0.665278 0.039801 0.094444
0 0.516480 0.678472 0.041667 0.090278
0 0.472326 0.693056 0.044154 0.091667
0 0.428172 0.704861 0.046642 0.087500
0 0.382774 0.716667 0.041667 0.097222
0 0.336443 0.725000 0.044776 0.097222
0 0.288246 0.733333 0.046642 0.100000
0 0.238495 0.745833 0.052861 0.094444
0 0.532960 0.529861 0.048507 0.079167
