0 0.484453 0.562500 0.041045 0.077778
0 0.523632 0.558333 0.039801 0.077778
0 0.560945 0.554167 0.038557 0.077778
0 0.598881 0.546528 0.037313 0.090278
0 0.641791 0.534722 0.050995 0.083333
0 0.774254 0.665972 0.052239 0.084722
0 0.728234 0.671528 0.043532 0.093056
0 0.689055 0.672917 0.043532 0.095833
0 0.646144 0.689583 0.043532 0.087500
0 0.600435 0.695139 0.046642 0.084722
0 0.554415 0.697222 0.045398 0.088889
0 0.508396 0.698611 0.045398 0.091667
0 0.465174 0.710417 0.046020 0.095833
0 0.418532 0.718750 0.047264 0.101389
0 0.373134 0.725000 0.049751 0.097222
