0 0.420792 0.546828 0.047855 0.075529
0 0.466997 0.540785 0.046205 0.075529
0 0.515264 0.530967 0.053630 0.070997
0 0.563119 0.524169 0.055281 0.069486
0 0.723597 0.650302 0.054455 0.092145
0 0.669967 0.660876 0.056106 0.089124
0 0.615512 0.666918 0.052805 0.092145
0 0.563119 0.675227 0.051980 0.087613
0 0.509901 0.685045 0.052805 0.098187
0 0.454620 0.691843 0.054455 0.099698
0 0.399752 0.700151 0.053630 0.101208
0 0.344884 0.712236 0.056106 0.101208
0 0.286716 0.718278 0.056931 0.101208
0 0.228960 0.725831 0.061881 0.098187
