0 0.136914 0.736198 0.106641 0.086979
0 0.225586 0.737760 0.106641 0.088021
0 0.309766 0.739323 0.097656 0.089063
0 0.395898 0.737240 0.090234 0.086979
0 0.478516 0.738802 0.081250 0.085938
0 0.561328 0.746615 0.076563 0.090104
0 0.646484 0.745313 0.090625 0.096875
0 0.725781 0.753385 0.082812 0.095312
0 0.810547 0.755990 0.079687 0.088021
0 0.892188 0.755990 0.093750 0.090104
0 0.346484 0.542448 0.073438 0.096354
0 0.418945 0.544531 0.063672 0.085938
0 0.486914 0.540104 0.072266 0.083333
0 0.552930 0.540625 0.070703 0.080208
0 0.619531 0.542969 0.078906 0.089063
0 0.685937 0.538802 0.079687 0.091146
0 0.751953 0.540365 0.079687 0.094271
0 0.818164 0.540365 0.070703 0.090104
0 0.882422 0.535677 0.075781 0.090104
