0 0.313433 0.722222 0.049751 0.091667
0 0.364117 0.701389 0.047886 0.088889
0 0.408582 0.692361 0.048507 0.095833
0 0.452425 0.686806 0.046642 0.090278
0 0.496580 0.683333 0.041667 0.088889
0 0.540112 0.672917 0.040423 0.087500
0 0.581468 0.664583 0.041045 0.084722
0 0.624689 0.649306 0.044154 0.087500
0 0.667600 0.645139 0.047886 0.087500
0 0.708644 0.638889 0.041667 0.086111
0 0.750622 0.629861 0.039801 0.084722
0 0.791667 0.619444 0.044776 0.086111
0 0.834266 0.615972 0.045398 0.087500
0 0.587998 0.511806 0.041667 0.065278
0 0.629975 0.509722 0.048507 0.077778
