0 0.757152 0.664583 0.044154 0.095833
0 0.353234 0.740278 0.053483 0.094444
0 0.400187 0.731250 0.046642 0.093056
0 0.445274 0.720833 0.044776 0.088889
0 0.491915 0.706944 0.043532 0.091667
0 0.537313 0.698611 0.042289 0.088889
0 0.580846 0.691667 0.043532 0.094444
0 0.626244 0.684028 0.047264 0.087500
0 0.668843 0.678472 0.046642 0.087500
0 0.714241 0.676389 0.044154 0.086111
0 0.673507 0.527778 0.052239 0.069444
0 0.631841 0.539583 0.044776 0.079167
0 0.593284 0.540972 0.041045 0.073611
0 0.558769 0.547917 0.045398 0.070833
0 0.521144 0.558333 0.044776 0.072222
0 0.480410 0.563889 0.042910 0.075000
